-0.544391 0.087143 0.023633 0.032186 139871.515625
28.575539 -87.695282 -28.636150 -9.485140 178.416107
194.887253 75.025490 7.463321 -18.668568 134.440460
203.481491 -217.470016 -12.268919 -11.523468 178.125366
-393.695862 -110.209724 -3.851512 13.827321 110.766701
-25.770786 496.835876 12.989400 0.668386 178.659866
333.550232 512.920471 9.808193 -6.401996 178.607285
603.242798 337.438843 5.345394 -9.616425 132.985565
-410.973419 702.951355 8.778614 5.121759 127.848328
-653.585876 -607.241821 -6.593702 7.118994 191.037582
168.552643 996.819824 8.979383 -1.541367 116.357521
-1103.327271 53.633877 0.435506 8.708714 196.100555
-686.671082 965.619202 6.875504 4.862897 179.053925
686.971252 -1113.668457 -6.819446 -4.199919 115.463219
-641.186829 -1257.661499 -6.864762 3.513922 120.327400
1099.886719 1027.704956 5.091516 -5.465487 185.843613
1555.784058 369.354980 1.673561 -7.041648 119.991562
-175.048569 1700.238281 7.037835 0.759527 141.913910
-59.809639 1785.695068 6.787845 0.167913 155.104172
-1912.858765 -78.568771 -0.260660 6.619045 192.512772
-1501.024414 1305.635498 4.268936 4.895178 157.921188
1986.430054 645.477173 1.976848 -5.980102 183.135590
2065.402588 789.953247 2.154318 -5.830730 134.900436
1307.546997 -1875.916260 -4.971062 -3.459023 172.018372
-92.817932 -2391.010010 -5.913289 0.227933 157.806717
-2233.777588 1096.690552 2.567715 5.213032 127.076523
2065.879395 -1569.689819 -3.436334 -4.525591 140.622665
-901.244080 -2552.658936 -5.243984 1.855651 145.776505
412.292877 -2763.072754 -5.443837 -0.813419 173.735291
211.350693 -2883.414062 -5.346045 -0.365337 100.496628
2572.296875 -1560.805054 -2.733269 -4.504422 152.277222
3061.713867 508.574280 0.845825 -5.132447 191.942688
2898.223633 -1389.499878 -2.223538 -4.613702 197.909103
3293.875000 -279.903748 -0.432809 -5.019033 104.616943
46.559074 3392.791260 4.971876 -0.072358 190.191574
-2350.722900 2594.781006 3.631148 3.286849 165.399689
-1407.933228 -3327.830078 -4.428862 1.879553 108.901161
-3292.170898 1682.420288 2.173032 4.242261 199.303253
-847.599854 -3693.361084 -4.576744 1.045084 169.591553
3503.879639 -1688.174316 -2.026135 -4.180332 147.614380
-690.455444 -3944.951904 -4.519786 0.814211 124.409325
-2363.768555 3353.322754 3.701285 2.605465 116.333893
-1833.059326 3781.231934 4.017202 1.948838 119.488640
4280.949707 439.369019 0.445374 -4.393694 112.927498
-1053.582397 4272.526855 4.237211 1.041023 112.113678
2195.004639 -3917.041992 -3.774062 -2.110073 137.374588
878.799927 -4507.937500 -4.197197 -0.813677 174.553833
1781.513916 4341.313965 3.913831 -1.606324 143.642975
-2382.172119 4182.654785 3.634932 2.063825 186.555923
-4865.438477 561.921082 0.476861 4.114478 158.396851
2838.429199 4122.460938 3.373293 -2.320875 151.678513
-150.310074 -5107.755859 -4.049803 0.124575 124.322105
-2095.000977 4743.759277 3.679534 1.615195 159.463211
4823.954102 -2170.338135 -1.638726 -3.630903 192.002274
-5146.963379 1611.503662 1.181735 3.763158 193.957672
-3907.713867 -3876.857178 -2.748202 2.773253 123.136116
4221.084961 -3675.326416 -2.545030 -2.918039 106.614128
3607.859375 4425.824707 2.968747 -2.421454 185.014374
4865.395020 3168.233398 2.074030 -3.186347 104.113350
-5853.845703 -682.650208 -0.435103 3.749737 137.646362
2226.884766 5581.164551 3.470641 -1.386290 186.110016
6017.732422 911.093262 0.552919 -3.669329 101.781570
5862.613770 2030.112061 1.201452 -3.474796 176.603699
1513.689819 6117.283203 3.546530 -0.877560 108.485489
-6389.254883 369.439636 0.212835 3.615320 102.043900
4011.104980 5123.494629 2.823344 -2.216849 147.470490
-6369.993164 -1760.751343 -0.946958 3.436778 110.164970
-4837.023926 4642.409668 2.452839 2.554020 199.028488
5979.348633 3250.215088 1.676321 -3.085252 113.364296
-4517.993164 5197.777344 2.633327 2.283576 122.763954
3548.336914 6048.755371 2.982178 -1.754452 174.841858
1754.492188 6893.481445 3.329470 -0.851544 194.007309
4214.939453 -5845.045898 -2.769802 -1.996521 196.594223
-6148.888184 3950.947754 1.831608 2.850449 102.091232
6202.342773 -4053.416260 -1.843825 -2.816017 123.425827
-4834.901367 -5725.262695 -2.555591 2.160201 172.711685
-6972.163086 3016.433105 1.322212 3.051938 187.323380
6700.676758 3786.271729 1.623774 -2.875239 141.814758
943.982971 -7743.106445 -3.260325 -0.397201 179.828781
3962.458740 -6842.773926 -2.819317 -1.630546 187.921371
448.913605 -7987.071289 -3.227786 -0.176890 124.489388
-2398.732178 -7734.552734 -3.077359 0.948959 141.211334
-6961.840820 4326.815918 1.692084 2.715260 162.409317
2281.529297 7977.655273 3.057439 -0.878338 147.546555
8336.496094 1067.332153 0.399742 -3.132902 188.625320
-3094.246338 7912.881348 2.926661 1.142766 179.603302
-2656.009033 -8171.691895 -2.967983 0.972525 143.616623
7590.044922 4262.661133 1.521265 -2.707883 187.279404
-7247.434570 -4989.780273 -1.749953 2.544364 195.606018
-4696.204590 7554.752441 2.608680 1.620253 172.709824
4292.931641 -7913.302734 -2.684352 -1.452965 156.237152
-588.051758 9066.080078 3.032908 0.195178 132.298065
-5078.900391 -7675.655273 -2.516951 1.667536 102.674095
8275.062500 4218.071289 1.360078 -2.676877 143.968964
-1371.963989 -9314.202148 -2.954192 0.437147 164.668137
7469.884277 5883.387695 1.838226 -2.335135 166.815536
-6040.439453 7450.715820 2.299739 1.861695 197.881638
9526.227539 1762.189819 0.532415 -2.893779 168.031403
-9785.500977 142.458847 0.044320 2.928699 176.293335
5596.704102 -8176.316406 -2.404112 -1.642543 136.031723
-9261.976562 3757.855957 1.079774 2.672845 170.010513
-9478.731445 3501.706787 1.010573 2.717854 153.071564
9151.060547 4518.194824 1.264613 -2.571747 179.222198
4525.223145 9240.584961 2.574975 -1.242689 145.056610
5107.276855 9069.110352 2.467971 -1.390296 152.666046
10078.622070 -2938.852051 -0.792746 -2.714101 125.476326
4615.867188 9539.470703 2.531574 -1.246490 136.199142
-1609.554932 10566.230469 2.770538 0.420081 172.157867
-4964.187012 9603.895508 2.474962 1.277365 175.167267
8605.013672 6677.287598 1.697760 -2.184758 125.056129
-10389.999023 3650.978760 0.920139 2.604919 109.745834
8519.199219 7113.698730 1.762477 -2.118221 153.725769
3556.310547 -10612.503906 -2.596725 -0.869717 198.207260
10294.665039 -4673.993652 -1.127503 -2.480154 105.599632
-2851.481445 -11029.218750 -2.629622 0.677522 123.449409
6426.276855 9536.295898 2.238022 -1.509634 140.381927
-10180.017578 -5582.771973 -1.292471 2.358144 136.000504
-4679.814941 -10725.485352 -2.454405 1.071190 153.921738
-11164.442383 -3803.478516 -0.859753 2.523775 181.425034
2239.895020 -11689.393555 -2.606475 -0.499229 114.116447
-3112.311035 -11594.482422 -2.552277 0.690434 124.705765
6000.912109 10496.818359 2.286535 -1.310725 169.430161
-10617.375977 5990.090332 1.289300 2.284895 180.587692
8960.848633 8414.399414 1.787042 -1.905100 160.852448
-7170.267090 10115.791016 2.122800 1.503364 154.193405
6090.285156 -10929.002930 -2.263602 -1.259919 125.278702
-5645.914062 -11255.512695 -2.305609 1.159061 140.923859
573.630798 12695.403320 2.567111 -0.117434 199.010529
-11876.455078 -4781.313477 -0.954012 2.376202 167.570084
8838.040039 9406.395508 1.858344 -1.748364 122.895897
3701.627686 -12476.943359 -2.434315 -0.723445 101.019669
13105.264648 -12.866370 -0.002832 -2.530230 171.951920
5214.641113 12125.703125 2.316999 -0.998292 188.764221
-11908.582031 5894.783691 1.116675 2.252974 130.678772
10976.487305 -7693.035156 -1.436969 -2.049224 142.752182
2755.818604 -13227.526367 -2.436859 -0.507718 177.650467
13452.108398 1957.702637 0.356717 -2.459247 160.849976
4374.356445 -12976.026367 -2.348413 -0.789845 128.549835
-10933.634766 8442.557617 1.506514 1.950203 152.907913
9506.199219 10128.274414 1.790416 -1.685147 109.091469
10686.286133 9030.515625 1.578559 -1.871022 122.156647
3272.181396 -13727.914062 -2.373711 -0.560221 101.849281
-1718.638306 14104.861328 2.412719 0.293088 101.895134
-9077.895508 11034.030273 1.871876 1.539049 120.501488
14380.675781 -768.659058 -0.130429 -2.409600 163.267960
10351.553711 -10145.742188 -1.684685 -1.717827 153.643967
6940.219238 12859.468750 2.107746 -1.139519 132.011429
-14120.074219 4056.921387 0.661237 2.297937 134.370865
-12772.406250 7491.269043 1.204156 2.053190 114.643997
-11808.491211 -9103.064453 -1.448128 1.878913 154.255859
4957.602051 -14142.809570 -2.234745 -0.780661 167.322906
-2597.733643 -14861.813477 -2.323758 0.405969 178.550888
-14936.995117 -2748.120850 -0.424544 2.312049 157.369965
-9593.224609 -11911.027344 -1.828052 1.468972 184.367844
6295.628418 14068.402344 2.129769 -0.955517 120.396973
-15498.915039 -8.234188 -0.000299 2.326819 119.650742
-13944.367188 7012.973633 1.040978 2.075170 107.407875
-10230.890625 -11894.019531 -1.747410 1.507511 124.592224
-11332.117188 11000.420898 1.606082 1.653425 170.214325
4086.550293 15375.701172 2.219991 -0.591111 111.844238
-1145.128296 15958.666992 2.284072 0.162503 172.377899
-7984.895996 13972.650391 1.982607 1.133093 152.834930
-14340.555664 7558.315430 1.061939 2.011951 125.167282
-3268.329346 -15974.875977 -2.221567 0.456339 178.139160
-9991.329102 -13020.122070 -1.793382 1.379831 142.429352
12674.361328 10545.612305 1.442516 -1.729311 160.790039
13077.692383 -10207.987305 -1.384814 -1.773270 110.871674
16521.367188 2418.197998 0.323761 -2.218503 153.524231
-4947.008301 16043.072266 2.135230 0.658772 117.297562
12680.125977 11160.370117 1.473268 -1.678133 155.099548
-13442.118164 -10429.611328 -1.360770 1.755319 176.021683
12522.987305 -11643.481445 -1.508807 -1.621747 102.220604
-2105.681152 -17077.802734 -2.192387 0.272047 135.545578
-15361.114258 7959.000977 1.015742 1.956680 177.891754
-7535.441895 15698.420898 1.979189 0.949355 149.760620
-15061.121094 8914.397461 1.115428 1.882463 114.420105
-15281.069336 -8741.733398 -1.083449 1.895143 125.514198
17685.970703 -416.166077 -0.049798 -2.178653 115.054329
13524.039062 11567.154297 1.408451 -1.652310 117.411354
-10239.412109 14697.458008 1.776378 1.237080 147.229279
-6098.610840 16941.085938 2.031180 0.730684 158.763977
4637.925293 -17502.009766 -2.081373 -0.551212 119.338326
-17874.996094 -3352.983398 -0.395209 2.111032 107.503227
17438.681641 5581.343262 0.651748 -2.039000 180.628647
18375.412109 -848.438843 -0.099996 -2.132889 123.082420
-17777.044922 -5118.840820 -0.588598 2.047225 155.261520
5163.433594 17876.248047 2.040197 -0.590195 196.816711
-15196.057617 10917.923828 1.234975 1.720405 155.155853
2275.908691 -18648.363281 -2.096536 -0.255813 154.871155
-7064.167480 -17531.171875 -1.954043 0.788095 166.176971
-12918.517578 13916.770508 1.540903 1.429723 100.917534
17208.841797 8273.310547 0.907567 -1.889691 131.470718
13242.624023 13897.537109 1.513427 -1.443486 110.671471
18822.972656 -4222.490723 -0.456857 -2.034356 163.687073
-5911.382324 18475.003906 1.980569 0.632700 168.656693
3332.609131 -19227.580078 -2.044042 -0.352564 168.009674
-19567.689453 -1337.468872 -0.140386 2.063854 122.536072
-15556.506836 12086.356445 1.265882 1.629761 143.107544
-18926.785156 5768.662598 0.600841 1.970133 183.248337
19792.888672 -2121.169189 -0.219096 -2.039643 160.255997
16077.239258 11907.166992 1.218258 -1.646171 129.230087
-17138.216797 10475.081055 1.057400 1.741375 166.192276
6106.478516 -19243.414062 -1.943802 -0.615795 173.363174
20279.310547 -1082.707031 -0.109767 -2.030811 186.288376
-17579.548828 10347.371094 1.039076 1.750746 182.859634
-15908.391602 12912.401367 1.276074 1.569203 112.837540
-10575.783203 17673.271484 1.732740 1.037528 190.642212
10140.495117 -18056.271484 -1.754114 -0.985527 141.787872
14802.506836 -14618.032227 -1.411233 -1.429450 181.328812
-18147.681641 -10350.695312 -0.992868 1.741222 126.676414
-6258.978027 20046.306641 1.908044 0.594205 125.059952
-9972.070312 18584.144531 1.756375 0.941244 135.243408
-20709.248047 4593.557617 0.431558 1.942273 176.565094
1445.874023 21259.328125 1.980007 -0.135381 156.528244
-6697.938965 -20328.363281 -1.880520 0.620252 155.761505
11495.929688 -18176.914062 -1.670430 -1.055695 197.347290
5907.871094 20780.917969 1.895503 -0.539307 136.547134
21683.248047 400.082001 0.035503 -1.967241 170.177734
-14728.095703 -16087.823242 -1.448094 1.324556 153.394943
14357.771484 -16522.667969 -1.477904 -1.283900 141.069931
-16803.763672 14194.854492 1.261132 1.490961 199.379654
-19732.189453 -9968.820312 -0.877523 1.738953 129.241669
-22186.181641 793.583374 0.069059 1.942494 162.126678
-3779.227539 21964.601562 1.917440 0.334056 108.706154
17091.402344 -14485.402344 -1.251792 -1.476709 132.667175
-15618.766602 -16200.335938 -1.387856 1.340826 102.666435
-3422.750488 22353.691406 1.900800 0.287274 186.713608
-11938.871094 19313.091797 1.634799 1.012750 107.344749
4909.888672 22256.197266 1.873989 -0.414418 107.667412
-14532.019531 17702.986328 1.480137 1.214361 170.929932
551.751526 -22996.853516 -1.909475 -0.045112 157.388321
-23111.701172 -145.774658 -0.010726 1.906750 196.272629
23111.626953 2032.325684 0.166127 -1.895341 153.775162
19524.375000 12722.008789 1.036548 -1.589450 103.259071
-3343.343994 -23173.304688 -1.873949 0.270730 131.012756
-12156.365234 20127.916016 1.615095 0.974943 119.895851
-8834.097656 21895.015625 1.747835 0.704496 182.745880
23633.439453 -1931.666992 -0.154026 -1.874629 110.205048
7685.943359 22540.181641 1.776291 -0.606349 144.061234
9955.068359 -21734.445312 -1.702069 -0.780557 165.643250
-21918.351562 9759.694336 0.761397 1.709931 101.627518
-12981.089844 20295.626953 1.575006 1.004466 177.073975
16432.744141 -17776.279297 -1.367521 -1.263492 127.226036
-24193.382812 2368.963867 0.181719 1.849141 128.648788
-21846.199219 10841.512695 0.825038 1.660654 137.870499
-19406.423828 14945.296875 1.129991 1.466258 110.652649
2832.287598 24425.435547 1.835144 -0.213751 144.342545
15606.309570 19135.085938 1.429017 -1.165805 175.487305
17292.671875 17784.099609 1.318694 -1.282110 174.264679
10922.482422 -22371.119141 -1.651155 -0.804278 194.069595
20938.691406 13651.330078 1.000652 -1.520064 175.971985
-11228.912109 22435.621094 1.637081 0.819640 119.351524
20951.035156 13997.651367 1.012736 -1.535433 153.449860
20063.251953 -15421.872070 -1.109808 -1.443851 140.393677
25349.431641 1377.458008 0.098249 -1.815735 188.889130
-10843.125977 23068.794922 1.640934 0.768404 131.603409
-24749.037109 6559.071289 0.463477 1.749863 171.202927
-8001.324707 -24418.523438 -1.717112 0.562659 194.401306
-18946.367188 17494.986328 1.224031 1.324815 108.543297
-4983.687500 -25402.314453 -1.767138 0.346924 121.296295
23264.767578 11628.908203 0.802506 -1.606635 103.590256
8258.956055 24743.144531 1.701103 -0.568685 112.813484
-21595.851562 -14836.458008 -1.013758 1.473064 145.238617
-4886.757812 25855.498047 1.754816 0.330787 154.640823
-14453.759766 22103.693359 1.492692 0.974642 144.279144
-26425.279297 -1842.781616 -0.123116 1.776166 145.166367
18969.708984 18662.337891 1.244644 -1.266479 177.198349
-26664.617188 1541.370605 0.103135 1.770114 123.120934
-21621.806641 -15854.351562 -1.046279 1.428657 193.139191
-15624.865234 -21882.224609 -1.437722 1.026523 131.314362
-26213.990234 6421.672852 0.419807 1.710006 103.289680
-26463.857422 5804.417480 0.378937 1.721643 110.692680
27196.892578 725.207642 0.045977 -1.755288 130.597336
25741.158203 -9071.653320 -0.582614 -1.653969 190.229660
4688.243164 -27002.291016 -1.723386 -0.299035 118.238480
24455.744141 -12553.947266 -0.796672 -1.555448 152.494263
5829.638184 -26990.576172 -1.705244 -0.367710 103.649673
-23633.822266 -14428.157227 -0.906696 1.486081 116.047249
-27472.345703 4174.739746 0.262099 1.718597 165.174301
-24644.695312 -13072.448242 -0.812493 1.531671 125.295494
-6086.067871 -27328.707031 -1.689961 0.377182 190.480438
27895.107422 -3399.200195 -0.209514 -1.715564 136.701111
-8895.945312 -26771.146484 -1.636321 0.544433 183.309052
27558.847656 -6467.978027 -0.393773 -1.676633 183.754105
-13569.766602 -24963.277344 -1.509897 0.820959 178.429977
13672.048828 -25005.142578 -1.505798 -0.822994 156.225769
1905.653564 -28536.439453 -1.709448 -0.114024 148.744919
25383.650391 -13402.667969 -0.798157 -1.512566 127.190338
28636.320312 3013.473877 0.184597 -1.697189 185.963348
-25599.113281 13416.588867 0.790834 1.511353 133.607239
18837.738281 -22047.349609 -1.293285 -1.104910 191.418304
-24506.853516 15710.128906 0.914080 1.428662 162.986816
-2169.255371 29124.386719 1.690493 0.125255 161.126236
29138.201172 3075.824219 0.169075 -1.683912 131.075211
28144.277344 -8478.649414 -0.488284 -1.617711 127.474525
-25477.279297 14892.366211 0.850682 1.456617 194.603348
25394.484375 -15198.703125 -0.858164 -1.442307 177.628036
-26598.886719 -13220.917969 -0.747392 1.505128 153.746948
22238.333984 -19835.482422 -1.116846 -1.252284 146.081024
-28331.566406 9585.581055 0.537222 1.586830 147.769440
25963.125000 -15043.722656 -0.844080 -1.447519 190.126572
395.938904 -30092.884766 -1.669570 -0.021892 176.442093
-26562.521484 14398.343750 0.796496 1.466166 117.408691
27154.619141 -13427.927734 -0.737623 -1.492988 143.623703
6110.283691 29781.111328 1.627566 -0.334335 145.316788
27543.994141 13098.383789 0.712055 -1.498138 140.726410
-25903.003906 16278.042969 0.882174 1.400876 182.346863
30388.281250 4429.124512 0.243303 -1.628080 173.827789
-30775.039062 1052.029175 0.056824 1.650398 131.216446
-10011.060547 29241.236328 1.558938 0.533281 119.687134
30632.939453 4784.720703 0.246703 -1.635520 164.535339
-22177.869141 21798.796875 1.151444 1.171266 156.241486
-16643.474609 26393.195312 1.387287 0.874633 131.506699
-23686.384766 -20438.988281 -1.070028 1.240088 173.640015
16458.777344 26739.908203 1.392262 -0.857019 166.395538
-17445.949219 -26241.460938 -1.359079 0.903685 188.203262
28378.507812 -13914.551758 -0.718379 -1.462695 195.288940
-2789.582764 -31575.292969 -1.620628 0.143208 136.397491
31788.121094 1116.822876 0.056187 -1.623292 138.719254
430.777069 -31910.654297 -1.621592 -0.020635 188.217575
-25953.568359 18724.876953 0.935852 1.344005 118.499664
12363.048828 -29612.740234 -1.492268 -0.623083 120.983864
-26033.726562 18948.001953 0.958383 1.280639 158.656967
-28566.654297 15055.874023 0.752868 1.426187 192.645233
26062.027344 -19268.246094 -0.956665 -1.293737 154.023849
6515.400391 -31848.148438 -1.574049 -0.321846 170.267365
-32530.150391 2228.538086 0.110455 1.600704 135.979095
29917.968750 -13167.194336 -0.646452 -1.467516 128.787109
-11799.820312 -30602.796875 -1.492364 0.575723 102.438347
-20061.324219 -26070.056641 -1.265919 0.973909 103.013832
967.427368 32986.875000 1.594065 -0.047230 178.283005
-27634.863281 18231.783203 0.878255 1.328607 118.372429
24752.859375 -22117.695312 -1.059364 -1.185205 199.724213
27210.134766 19183.521484 0.914915 -1.297704 139.747025
32985.628906 -5300.265625 -0.250009 -1.563795 182.064590
-3330.500488 -33333.929688 -1.574650 0.158368 171.993698
-31734.609375 11072.331055 0.520743 1.492018 150.260742
-33344.886719 -4806.267090 -0.224916 1.562318 199.212601
33659.269531 -2970.327393 -0.137981 -1.570598 192.677048
-16688.214844 29497.558594 1.369732 0.777129 161.870544
22056.193359 -25894.138672 -1.195853 -1.018383 126.480232
-27213.199219 -20532.175781 -0.944891 1.252374 151.041428
30911.207031 -14609.647461 -0.670577 -1.416104 191.795639
13902.233398 31358.244141 1.429704 -0.633591 180.249527
34034.476562 -4975.492676 -0.228206 -1.545238 190.043137
-34012.746094 5707.332520 0.232605 1.536962 187.571991
-16630.484375 30344.664062 1.365473 0.745474 161.039368
-34232.136719 5693.704102 0.301929 1.537058 105.734200
-21824.162109 -27106.992188 -1.209479 0.973948 158.053986
18803.251953 -29388.728516 -1.306106 -0.836189 156.717987
15297.712891 -31476.615234 -1.392995 -0.676926 189.943771
34996.218750 -2855.639160 -0.127838 -1.541442 176.231003
20725.525391 28463.994141 1.248157 -0.908671 136.563538
-8910.947266 -34160.964844 -1.491799 0.389475 129.598358
29867.794922 19004.113281 0.826243 -1.299020 147.980698
12951.588867 33050.132812 1.431844 -0.561450 145.734406
9558.464844 -34277.871094 -1.479359 -0.414884 193.126831
-27302.419922 22981.904297 0.987848 1.173228 126.137093
30267.294922 -19127.880859 -0.817101 -1.294650 173.552292
34038.609375 11384.227539 0.484984 -1.449872 137.810776
-34658.777344 9693.539062 0.411456 1.471093 121.926376
-25128.291016 25935.056641 1.094073 1.060054 104.182106
9797.065430 34841.464844 1.466000 -0.412366 102.950378
19901.820312 -30359.771484 -1.272254 -0.832882 117.955421
-26416.773438 25021.781250 1.044650 1.102416 188.944244
9422.411133 -35262.457031 -1.464496 -0.389051 197.981445
14405.606445 -33643.320312 -1.392330 -0.595642 117.060730
28937.083984 -22581.748047 -0.930317 -1.191553 196.442841
-34587.910156 -12558.666016 -0.515585 1.419839 135.340347
7648.673340 -36107.613281 -1.474192 -0.311787 126.430336
31290.146484 -19719.271484 -0.804338 -1.273694 131.583328
11507.134766 -35256.332031 -1.431015 -0.466287 177.279572
34918.945312 12789.514648 0.516240 -1.411204 114.560501
-29196.632812 -23201.869141 -0.933417 1.174515 135.221725
-24204.998047 -28497.468750 -1.141246 0.969580 119.512802
26238.027344 26776.701172 1.068675 -1.046970 157.476852
-36028.394531 -10736.763672 -0.426519 1.431847 136.685898
5353.171387 37310.937500 1.476801 -0.210799 118.179276
-23414.410156 -29679.703125 -1.169968 0.923672 107.691208
-35115.371094 14289.542969 0.560654 1.378367 163.275681
-36307.664062 11184.200195 0.434850 1.423186 141.650681
-38063.812500 -1960.867554 -0.075971 1.481776 132.759979
-31795.228516 -21152.691406 -0.820844 1.233961 112.834579
24064.787109 -29794.466797 -1.151785 -0.930072 118.438019
38280.101562 3094.855225 0.118764 -1.473821 179.168655
23234.394531 30689.185547 1.177254 -0.891339 143.007172
-36818.046875 11603.293945 0.446716 1.403965 155.687988
-7157.125000 -38041.304688 -1.447061 0.272503 110.337921
-21435.609375 32354.457031 1.225854 0.811988 133.094070
4870.872070 38594.039062 1.457947 -0.184602 197.508728
-35564.683594 16035.197266 0.602850 1.336472 141.392654
-32749.281250 21347.099609 0.799911 1.227541 186.672241
-38544.324219 -7119.647949 -0.266614 1.440008 137.529587
39296.304688 648.069153 0.023443 -1.460875 196.915070
-18826.722656 -34605.625000 -1.282059 0.697459 182.784103
33849.109375 -20375.589844 -0.751158 -1.250065 184.080948
-39145.652344 -5948.452637 -0.218194 1.438269 198.787048
-15981.315430 36339.296875 1.330946 0.585507 143.963135
15865.835938 36509.625000 1.331660 -0.578772 116.052040
-15617.427734 -36724.593750 -1.334109 0.566679 150.394119
-31742.654297 -24322.472656 -0.880925 1.150108 173.419708
23468.812500 -32497.546875 -1.173132 -0.846751 116.712143
6582.982422 39654.402344 1.424923 -0.237308 157.550995
8015.585449 -39490.992188 -1.414095 -0.286698 110.496773
27235.455078 29827.195312 1.064394 -0.972032 110.771202
34443.128906 -21278.919922 -0.758034 -1.223173 177.887070
195.422333 40585.496094 1.438147 -0.007287 169.321259
-15133.333008 -37780.980469 -1.333561 0.535266 121.759636
-39570.804688 9954.997070 0.350612 1.391055 153.381485
10842.750977 39425.312500 1.381225 -0.380006 171.878036
-27603.341797 30330.968750 1.047538 0.972139 140.524933
-32389.664062 25277.761719 0.879332 1.126256 100.972885
11905.333984 -39445.753906 -1.366507 -0.412033 185.981857
20251.597656 36001.167969 1.242129 -0.698150 108.386414
-27900.835938 30598.947266 1.059672 0.952246 186.624588
-34727.375000 22726.781250 0.778769 1.189636 199.865036
-38250.785156 16337.390625 0.558230 1.306588 191.114914
34214.503906 -23838.615234 -0.811206 -1.163211 116.062202
-40971.136719 -8213.087891 -0.282815 1.396430 185.044830
-21669.304688 -35870.972656 -1.210981 0.731879 131.156876
-41252.703125 -7833.844238 -0.257181 1.381227 151.907059
-38809.066406 -16292.752930 -0.546504 1.302075 188.688034
19768.851562 37267.445312 1.246256 -0.661732 128.172028
31879.357422 -27785.570312 -0.925675 -1.061722 107.888641
-11168.158203 -40917.894531 -1.356911 0.370520 124.752930
-15219.040039 39697.382812 1.309770 0.507398 161.548996
-34188.468750 -25434.873047 -0.837294 1.126109 102.357803
32315.007812 27890.847656 0.916255 -1.061296 145.966400
23302.830078 35914.726562 1.174361 -0.762105 136.337906
37828.058594 -20216.824219 -0.659736 -1.233664 189.524384
36103.925781 23369.431641 0.759089 -1.172516 155.919937
-5453.459473 42757.414062 1.383412 0.176598 108.944260
-15614.608398 40292.542969 1.303387 0.502620 165.309509
-39343.160156 18118.050781 0.582869 1.263947 182.566681
-38038.128906 20880.132812 0.669547 1.218883 171.212555
-36372.265625 23879.382812 0.762888 1.160235 142.018326
-15074.277344 40923.117188 1.299611 0.475915 172.871048
-28966.675781 32713.720703 1.038012 0.918249 133.091995
-6863.540527 43264.839844 1.367471 0.216565 144.440796
-43889.792969 1062.743530 0.031815 1.382041 160.298935
3707.965576 43832.980469 1.376398 -0.116856 152.544464
28829.125000 -33361.660156 -1.044019 -0.901894 161.702301
6190.370117 -43776.347656 -1.364071 -0.192681 188.745346
2821.179688 -44216.726562 -1.373418 -0.087486 119.655441
44378.851562 -1303.180176 -0.040785 -1.374186 162.819016
25295.369141 -36624.210938 -1.129874 -0.780096 104.860641
-8182.053711 -43845.480469 -1.348440 0.251797 145.645370
42067.792969 15149.351562 0.464187 -1.288986 176.288116
584.681274 -44791.902344 -1.368199 -0.017492 112.851059
-25232.449219 37155.878906 1.130345 0.767734 140.379044
-44990.164062 924.862061 0.029516 1.365702 190.028931
-3421.885742 -44958.128906 -1.360260 0.103859 113.707794
-30459.117188 -33415.671875 -1.006441 0.916973 100.103653
-27209.042969 36206.515625 1.088295 0.817870 177.388535
9777.679688 -44344.246094 -1.327565 -0.292558 153.451065
-29667.832031 -34511.789062 -1.030175 0.885685 153.044189
9025.432617 44692.242188 1.330049 -0.268743 137.716904
31205.037109 33370.566406 0.990048 -0.925590 109.827011
-45628.226562 3860.488525 0.114549 1.348374 115.340912
-43285.417969 15280.635742 0.450469 1.275228 190.596527
41694.734375 -19431.746094 -0.570163 -1.224833 125.118233
45122.085938 9466.818359 0.277025 -1.320718 174.825974
45754.519531 6436.162598 0.227569 -1.331871 148.663986
12069.342773 44696.921875 1.301211 -0.350928 111.941803
45963.171875 6449.246094 0.146014 -1.333983 147.226105
34768.113281 -30877.125000 -0.892209 -1.004306 125.729454
13314.327148 44668.835938 1.284965 -0.383046 189.470169
-10437.234375 45532.949219 1.306480 0.299680 111.319290
-46775.636719 1094.990112 0.032531 1.338973 124.368813
35979.222656 30062.865234 0.857882 -1.026440 173.059540
-33204.437500 -33254.101562 -0.945386 0.944230 117.690407
-7941.407227 46411.425781 1.315648 0.224712 110.805870
42626.410156 -20269.972656 -0.573503 -1.203560 114.108246
-29284.160156 37149.652344 1.046652 0.824251 116.342873
-19466.427734 43205.253906 1.213470 0.546601 137.165176
17116.125000 -44304.726562 -1.239885 -0.480210 139.394196
-20948.109375 -42734.484375 -1.192261 0.584513 127.890549
-29358.820312 -37589.476562 -1.045439 0.816804 148.299606
4441.170898 -47596.515625 -1.319198 -0.122664 176.909515
12248.606445 -46302.480469 -1.279626 -0.338342 126.571297
43550.441406 20184.189453 0.556002 -1.199729 137.664017
39808.464844 27004.939453 0.741622 -1.092776 100.216599
-37707.472656 -30035.968750 -0.822016 1.031916 127.936852
3304.794922 48199.671875 1.314833 -0.090441 120.928421
-26741.531250 40334.585938 1.097692 0.727334 156.579834
-13703.882812 -46529.894531 -1.261767 0.371645 188.342163
47117.597656 -11969.481445 -0.323403 -1.273460 169.259583
-23471.904297 42668.824219 1.150269 0.632547 137.049026
45667.207031 -17179.730469 -0.461918 -1.227542 101.537468
-11165.800781 47607.871094 1.275562 0.298612 178.065842
17152.339844 -45911.632812 -1.224097 -0.458253 157.230682
-45151.808594 19319.343750 0.514394 1.201520 164.150208
13600.763672 47272.125000 1.255762 -0.360354 173.650406
31774.316406 37689.207031 0.996460 -0.839289 134.395233
-46287.437500 17294.970703 0.456771 1.221046 158.326523
31098.921875 38523.144531 1.014150 -0.818573 192.670349
36265.203125 33837.667969 0.887419 -0.951012 163.156189
-43588.601562 -23900.617188 -0.625625 1.139288 159.254196
18153.804688 -46385.730469 -1.209577 -0.472415 192.283676
-16905.607422 46954.515625 1.219120 0.439172 186.613419
22110.951172 44836.898438 1.162084 -0.573128 115.302979
47527.914062 15882.858398 0.410140 -1.227427 196.042755
14066.399414 48192.574219 1.240082 -0.364369 139.638611
-45862.429688 -20691.085938 -0.531044 1.177072 160.198807
-50386.335938 1228.206421 0.031511 1.290910 174.066208
-18078.892578 47152.347656 1.205267 0.460977 118.406006
19407.792969 -46717.140625 -1.191361 -0.493606 132.612381
-19295.634766 -46891.132812 -1.189639 0.489560 144.575867
-44757.304688 -24037.275391 -0.606783 1.132590 102.596115
70.296928 50899.636719 1.284314 -0.001823 183.582611
-50956.761719 2198.629150 0.056662 1.280024 114.106644
-36849.781250 35406.500000 0.887846 0.923992 131.832245
51214.621094 -209.364548 -0.005580 -1.280229 136.975998
50053.902344 -11252.564453 -0.280757 -1.247943 157.474762
-51204.000000 -4431.011719 -0.109879 1.273117 114.256943
51375.480469 -3587.323975 -0.089136 -1.273362 163.902390
42442.636719 29364.414062 0.725734 -1.048638 194.753250
14573.029297 -49597.097656 -1.222212 -0.359082 176.069122
-45074.699219 25513.912109 0.626608 1.108054 144.899017
43146.312500 -28826.117188 -0.706495 -1.057489 102.780403
-49651.742188 -15429.437500 -0.377595 1.213674 127.779129
30600.951172 42170.707031 1.032283 -0.746214 177.125870
31108.722656 41935.742188 1.012475 -0.751364 114.970833
-516.020630 -52299.187500 -1.266616 0.012736 114.964417
44293.964844 28008.187500 0.676575 -1.069793 111.501862
-39484.218750 -34594.179688 -0.833436 0.951042 162.909683
-51380.179688 11232.638672 0.270016 1.234080 161.858231
4137.997070 -52523.785156 -1.258764 -0.101169 171.503693
45322.410156 27087.212891 0.646035 -1.081508 151.100281
1873.876221 52867.781250 1.258297 -0.045032 192.931656
-50998.179688 -14462.989258 -0.342809 1.210211 183.611252
27811.494141 45236.855469 1.071211 -0.658685 138.442047
31238.937500 43070.714844 1.015736 -0.740055 153.466766
-12462.518555 -51834.195312 -1.220023 0.293230 168.324051
-46442.160156 26386.685547 0.619781 1.089532 143.212692
3959.548096 -53357.031250 -1.248437 -0.089536 152.198914
50550.703125 17797.154297 0.415451 -1.180456 113.688728
42178.464844 33258.875000 0.774019 -0.981459 160.294495
-42002.445312 -33617.324219 -0.780177 0.974830 136.592087
35163.445312 40845.835938 0.945777 -0.813879 145.177628
50622.097656 -18776.146484 -0.433729 -1.169243 169.633713
-53589.890625 -7437.749023 -0.171026 1.233705 124.067009
-19.921413 54189.507812 1.244846 -0.000319 140.309738
37737.125000 39057.660156 0.893894 -0.863728 155.337891
39563.132812 37327.917969 0.852258 -0.903321 126.626228
-2810.249512 -54436.257812 -1.239040 0.064324 168.431702
54263.242188 -6169.266113 -0.140291 -1.231643 144.656708
50518.152344 -20978.787109 -0.475133 -1.143515 150.054489
-45135.378906 31098.654297 0.702161 1.018989 160.694168
16782.773438 -52267.097656 -1.181931 -0.385210 121.474762
53904.742188 10853.074219 0.244500 -1.209750 135.176682
-33076.140625 -44059.847656 -0.987159 0.741097 129.579056
16499.763672 -52682.269531 -1.173033 -0.363827 181.807755
-37212.156250 -40896.261719 -0.912454 0.828740 106.833611
44532.574219 -32955.324219 -0.731938 -0.989431 119.621025
-21415.945312 -51191.644531 -1.134350 0.474497 131.671875
-42374.351562 -36003.277344 -0.795190 0.936528 105.895851
35392.476562 42996.046875 0.948143 -0.780434 104.151169
54506.804688 11976.891602 0.262854 -1.198547 197.941528
-40760.664062 38274.300781 0.838354 0.892875 138.367203
-49416.359375 26332.640625 0.576150 1.080352 118.359856
-15754.333984 -53845.605469 -1.173922 0.343037 121.530746
-43462.285156 35625.714844 0.774022 0.945458 186.321899
-38581.824219 -41001.324219 -0.888383 0.836287 166.200104
37144.496094 42448.664062 0.917238 -0.803427 129.489410
-25742.875000 50277.839844 1.084680 0.556633 119.402489
54928.886719 -13597.686523 -0.292815 -1.182105 188.138275
46122.640625 32958.082031 0.707134 -0.989785 149.385498
31100.787109 -47513.855469 -1.017166 -0.665960 163.438644
17883.035156 -54015.929688 -1.153601 -0.380903 166.889816
43550.406250 36781.707031 0.783049 -0.926845 104.916618
-11584.293945 -55923.664062 -1.187289 0.246134 147.152771
35897.199219 44542.261719 0.942906 -0.761053 117.665291
-38057.722656 -42831.386719 -0.904781 0.804692 156.763916
-25527.042969 51417.683594 1.082468 0.536401 119.786507
-27344.337891 50594.832031 1.063581 0.574313 133.359314
-45140.878906 35790.683594 0.750942 0.945966 165.914062
-57692.179688 274.426392 0.006112 1.205984 162.107422
-49833.613281 -29305.332031 -0.610823 1.038662 171.993912
54606.667969 19254.869141 0.400335 -1.135465 156.267670
-15727.181641 -55830.312500 -1.158015 0.326593 136.403473
-51863.613281 -26159.626953 -0.541305 1.073066 147.578003
-19949.142578 54666.433594 1.128139 0.411741 119.370331
-18472.904297 -55306.453125 -1.137850 0.380065 133.588196
-44265.917969 38071.421875 0.781960 0.908329 197.065231
-7015.824219 58073.316406 1.189126 0.143537 129.422440
57348.882812 11974.334961 0.244128 -1.171582 162.331726
-14596.056641 56860.519531 1.158022 0.297220 101.688919
24432.726562 53478.898438 1.086730 -0.496495 151.645187
-2902.540771 -58841.050781 -1.192100 0.059225 110.142075
-35321.562500 47250.773438 0.955264 0.714398 115.546761
-54017.238281 23997.152344 0.483975 1.088950 186.219101
-21338.744141 -55235.035156 -1.110218 0.428945 143.689850
-58954.125000 -6338.288574 -0.127184 1.182768 174.280914
-57477.179688 -14962.005859 -0.299350 1.150294 144.192413
47568.796875 -35744.230469 -0.712872 -0.949797 182.913742
51035.167969 -30764.132812 -0.612908 -1.016824 109.847374
-56634.468750 -18855.386719 -0.374574 1.125014 113.131615
50133.234375 -32610.759766 -0.645963 -0.992930 142.151947
28257.449219 -52826.738281 -1.044592 -0.559326 160.347031
45636.687500 38973.917969 0.767378 -0.897532 134.606674
41652.523438 -43338.863281 -0.851520 -0.819198 169.847504
27429.759766 -53580.039062 -1.050242 -0.538731 113.222275
45224.156250 39863.554688 0.781110 -0.886913 182.396301
-42661.757812 42754.667969 0.834467 0.832349 134.133484
54531.132812 -26188.093750 -0.509959 -1.061781 188.220322
47486.703125 37642.050781 0.730698 -0.921735 178.016129
-19112.953125 57612.730469 1.116032 0.370008 169.434998
60640.839844 4574.544922 0.089034 -1.172142 124.584320
27255.216797 -54461.929688 -1.049178 -0.523262 115.458023
15769.531250 -58938.441406 -1.132859 -0.303009 198.323761
-44111.121094 -42281.660156 -0.810803 0.846019 109.585007
46747.945312 -39507.515625 -0.755685 -0.894166 196.819778
49129.246094 -36662.417969 -0.700419 -0.937439 179.398407
-36038.179688 49725.328125 0.946631 0.685831 190.909088
-41999.531250 -44936.082031 -0.853293 0.797830 128.417038
61482.957031 3816.701416 0.071328 -1.164180 121.344742
-61200.742188 -7771.589355 -0.146569 1.157268 132.023895
-59027.324219 18300.970703 0.345277 1.114118 162.143433
61708.917969 -4909.763184 -0.092527 -1.160661 163.348541
42152.125000 -45471.062500 -0.852953 -0.790341 145.781296
-58970.988281 19483.660156 0.364748 1.102419 124.988457
32799.265625 52855.968750 0.986942 -0.612470 187.189133
-20162.121094 -58946.546875 -1.098213 0.375794 176.073166
-55567.929688 -28381.880859 -0.527436 1.032813 165.921478
-31826.953125 53795.183594 0.997352 0.589853 100.926506
44179.605469 -44366.265625 -0.820810 -0.816886 164.001953
48476.355469 39752.050781 0.733073 -0.895133 164.995209
-53205.691406 -33379.644531 -0.614321 0.979251 117.037895
10212.502930 62063.957031 1.139841 -0.187390 162.281952
34314.191406 -52849.671875 -0.967902 -0.628938 161.074387
-59283.187500 -21583.267578 -0.394480 1.083756 148.021896
4878.139160 62997.363281 1.149074 -0.089160 192.971970
-14425.762695 -61643.664062 -1.121206 0.262505 109.146889
51577.093750 36867.167969 0.668694 -0.935939 178.942963
7025.687500 -63109.316406 -1.142725 -0.127754 136.493652
-37257.476562 -51530.257812 -0.930964 0.673104 170.019287
38464.187500 -50785.359375 -0.915030 -0.693149 157.536011
-28040.974609 -57321.593750 -1.029943 0.503795 168.478790
42051.507812 48114.972656 0.863226 -0.754148 127.431976
60686.433594 20294.669922 0.364970 -1.081129 149.853592
13276.105469 62714.445312 1.119203 -0.236972 134.067368
-1689.738037 64180.050781 1.142955 0.029844 189.658325
60846.648438 20803.863281 0.368308 -1.086423 113.446251
-64282.554688 -3865.010254 -0.068211 1.139475 184.829544
63773.835938 -9713.977539 -0.171751 -1.127678 194.717300
56005.781250 32195.878906 0.567999 -0.988089 171.526535
34402.460938 -54781.253906 -0.964637 -0.605329 136.602020
6607.651855 -64470.589844 -1.131734 -0.115040 121.967636
-26245.779297 59341.730469 1.040146 0.459883 189.766815
-64308.070312 9470.378906 0.165656 1.124089 103.348083
48112.960938 43871.046875 0.764951 -0.838760 108.492752
-24821.466797 -60299.726562 -1.049539 0.430993 130.189270
-38378.085938 52847.488281 0.917379 0.665882 155.626755
20644.984375 -62064.382812 -1.074984 -0.358023 160.878403
-48447.679688 -44089.890625 -0.761744 0.837201 111.865662
43609.605469 49002.875000 0.844526 -0.752372 109.515053
9841.286133 64967.660156 1.117464 -0.169593 117.828529
65775.460938 1172.336304 0.020023 -1.129130 101.801315
62184.984375 21851.140625 0.373600 -1.064837 178.471298
-52663.414062 -39803.914062 -0.679907 0.899533 110.120422
-66026.617188 2805.197510 0.048106 1.125829 157.823074
-12449.838867 65013.824219 1.105770 0.212034 169.601151
19944.789062 63241.371094 1.073076 -0.338160 138.426620
65263.121094 -12233.814453 -0.207343 -1.104722 173.446381
-25509.542969 -61416.523438 -1.036870 0.431729 153.603378
48670.644531 45470.605469 0.766043 -0.820791 115.391266
57878.394531 -33174.351562 -0.557844 -0.973071 128.829346
61286.035156 -26606.351562 -0.446027 -1.028100 151.453613
39387.417969 -54083.699219 -0.905556 -0.659182 151.742859
20310.021484 -63856.703125 -1.066429 -0.338636 157.129074
33325.488281 -58234.785156 -0.970675 -0.555682 117.465828
32852.710938 58607.253906 0.974913 -0.546421 166.820496
62473.605469 25022.912109 0.415286 -1.037050 194.851395
-62492.289062 -25222.988281 -0.417590 1.034379 115.004791
28519.800781 61186.476562 1.010494 -0.470880 112.110214
53345.761719 -41539.511719 -0.684589 -0.879162 180.884964
15812.122070 -65817.562500 -1.082434 -0.260109 192.855606
-21619.781250 -64266.437500 -1.054474 0.354849 184.624130
-53382.152344 41946.964844 0.687034 0.874332 178.158188
24716.269531 63357.683594 1.035058 -0.403303 163.224579
-62418.953125 -27263.886719 -0.444297 1.017439 143.171402
-44636.687500 -51568.218750 -0.838614 0.726020 126.491402
57220.984375 37294.664062 0.605106 -0.928746 143.373840
-13453.177734 67070.781250 1.086112 0.217519 149.445480
68436.734375 3162.489014 0.052016 -1.105279 105.584717
51892.007812 -44875.085938 -0.723208 -0.836557 123.657219
64661.867188 23212.388672 0.372886 -1.040238 113.178024
-5632.897949 -68566.773438 -1.100731 0.090516 191.975677
63518.363281 -26671.597656 -0.427732 -1.017675 161.851501
-17996.150391 -66622.421875 -1.064748 0.287591 101.276764
-39243.152344 -56866.421875 -0.907023 0.625916 120.371910
-7847.696777 68754.257812 1.094091 0.124723 176.959991
33524.316406 -60667.332031 -0.963539 -0.533207 140.642181
-66871.835938 -18557.554688 -0.294022 1.059609 149.845078
-49715.527344 48566.121094 0.767782 0.785930 178.015076
69080.718750 8544.169922 0.134748 -1.089917 178.755524
-58766.320312 -37499.328125 -0.590245 0.924790 167.457703
69719.820312 3520.990234 0.054582 -1.095145 172.950958
18718.337891 67344.187500 1.055982 -0.293448 146.688889
68001.468750 16599.628906 0.260696 -1.064197 140.414352
-22021.093750 66555.789062 1.038796 0.343638 111.256424
33191.156250 -61854.429688 -0.963221 -0.515782 176.680939
17458.330078 -68107.390625 -1.058349 -0.271006 103.508385
1679.683838 70373.976562 1.091521 -0.026337 186.590164
3443.832764 -70403.218750 -1.089828 -0.053031 140.931061
-70555.648438 -2801.083740 -0.042950 1.089309 178.641312
-53491.320312 46232.023438 0.712528 0.824251 180.605850
27456.064453 65252.261719 1.003043 -0.421941 139.680313
-56065.914062 -43410.542969 -0.666228 0.860364 140.488800
69143.078125 16084.750977 0.245250 -1.058538 161.189499
-33856.164062 -62513.941406 -0.955478 0.517390 165.006989
63253.441406 32656.746094 0.498121 -0.964842 195.112671
53888.851562 -46667.371094 -0.710420 -0.819896 177.997955
23691.480469 67368.765625 1.023832 -0.359557 157.036667
-15905.302734 69703.476562 1.056424 0.240808 181.674301
37253.882812 61131.777344 0.926051 -0.563360 157.495560
-15943.952148 -69918.281250 -1.054890 0.240621 108.157677
71764.617188 -2080.688965 -0.031578 -1.080712 146.838669
-2883.556152 -71849.320312 -1.079564 0.043625 165.514221
57104.015625 -43845.917969 -0.657744 -0.856366 126.035835
38271.070312 61122.089844 0.912473 -0.572317 129.680267
25496.904297 67562.382812 1.025448 -0.378119 196.819427
-4194.027344 72185.445312 1.075550 0.062196 104.413330
25855.031250 67619.375000 0.987605 -0.387627 193.104141
-70877.703125 -15197.316406 -0.225465 1.051980 112.736923
-38177.671875 -61758.082031 -0.912986 0.563442 141.326782
-59799.921875 -41357.503906 -0.611394 0.883288 157.629211
65333.308594 -32098.037109 -0.473523 -0.963629 129.101944
-37692.683594 -62413.324219 -0.919722 0.556650 128.695908
72787.984375 5422.228027 0.079764 -1.072206 103.100006
72958.109375 4533.692383 0.065725 -1.068007 192.728592
70731.054688 -18841.970703 -0.275589 -1.034602 108.838074
-27900.865234 -67781.429688 -0.989421 0.407414 128.109406
73160.343750 -5890.036133 -0.085940 -1.065845 154.050980
58381.093750 44654.328125 0.649110 -0.848762 173.252945
20441.416016 -70718.351562 -1.025798 -0.296339 126.646370
-67134.382812 -30408.728516 -0.440279 0.971883 192.872574
26628.839844 -68838.281250 -0.994233 -0.384739 152.537399
-20561.962891 -70968.734375 -1.023852 0.296478 145.321152
47773.679688 -56497.585938 -0.813282 -0.687872 111.712624
-29625.164062 67905.585938 0.975548 0.425541 112.901329
-6083.803223 -73939.460938 -1.059963 0.087526 113.894234
21617.472656 71083.085938 1.017792 -0.307728 109.804024
-60295.027344 -43611.136719 -0.622407 0.861137 178.628647
52973.539062 52391.707031 0.746448 -0.754426 177.404785
69087.312500 28180.234375 0.400608 -0.981785 187.806732
-66534.648438 -33984.425781 -0.482152 0.943985 167.330063
-54542.566406 51183.796875 0.724846 0.772272 124.132431
-73735.093750 13219.901367 0.186678 1.041955 105.052528
-62185.589844 -41953.667969 -0.590923 0.876800 175.604568
-46216.757812 -59180.250000 -0.833118 0.650672 161.824402
15401.341797 -73598.703125 -1.034048 -0.216320 193.392258
22074.937500 71986.765625 1.008824 -0.310851 167.127594
39313.324219 64327.132812 0.900165 -0.550326 187.443756
46243.367188 -59696.250000 -0.833109 -0.645554 147.444839
29564.498047 -69589.210938 -0.969179 -0.414272 159.867798
-22602.867188 -72245.625000 -1.004571 0.314585 166.039398
56812.734375 50188.675781 0.696493 -0.788529 123.588852
75370.453125 -9015.576172 -0.125112 -1.043957 161.618103
74119.437500 -16803.111328 -0.232451 -1.024771 108.823051
67258.414062 35578.722656 0.491014 -0.928477 168.303711
-36167.917969 67054.820312 0.923661 0.498213 132.788666
-33353.585938 -68631.304688 -0.944095 0.458694 111.115974
29758.310547 -70369.320312 -0.966013 -0.405272 131.395081
-12672.783203 -75430.640625 -1.033109 0.173614 147.676926
-76406.546875 -5516.758789 -0.075175 1.043970 133.214462
75544.070312 -13236.489258 -0.180691 -1.030328 114.654053
-34856.765625 -68436.984375 -0.930825 0.474532 184.868271
-69188.679688 33542.187500 0.455724 0.940098 196.394516
71030.609375 -29709.906250 -0.402926 -0.963198 194.553925
70831.937500 30486.751953 0.412229 -0.958407 191.059143
54283.382812 54883.250000 0.741194 -0.733508 198.811462
48517.625000 -60173.402344 -0.811451 -0.653842 131.705154
-75555.750000 16824.695312 0.226193 1.016218 199.544220
-74211.726562 -22304.335938 -0.299586 0.996529 180.957306
11326.196289 76769.679688 1.028842 -0.151290 153.349213
-70927.601562 -31739.324219 -0.424322 0.948462 104.526657
48253.531250 61029.042969 0.814743 -0.644247 101.819717
-40051.664062 66814.859375 0.890370 0.533689 169.360809
-58000.414062 -52150.437500 -0.693531 0.771417 112.202492
-68349.554688 -37778.746094 -0.501448 0.907445 105.949310
54201.496094 -56361.828125 -0.746809 -0.718235 112.425674
-12263.542969 77337.992188 1.022449 0.162052 125.023849
78291.507812 -4209.147461 -0.055892 -1.033130 110.871422
30987.148438 72123.945312 0.949873 -0.408330 157.412140
-19144.142578 -76248.296875 -1.002256 0.251497 112.090858
-58449.507812 52679.523438 0.691427 0.766951 134.775360
64859.273438 -44728.015625 -0.585838 -0.849788 191.505051
-60495.910156 50661.378906 0.662365 0.790770 105.868767
33296.523438 -71652.273438 -0.934172 -0.434977 139.484619
42152.742188 66947.609375 0.871297 -0.548519 101.175674
-79014.390625 5213.732422 0.067834 1.027376 159.245621
52116.691406 59760.960938 0.775343 -0.676285 146.483124
13473.900391 -78245.203125 -1.013184 -0.174493 174.004166
10659.891602 78796.265625 1.018383 -0.137972 173.203812
18200.232422 77479.070312 0.999686 -0.234675 191.758987
3402.493164 79625.906250 1.025355 -0.043864 162.884155
-20482.537109 77122.570312 0.991087 0.263324 101.233353
78166.265625 16541.494141 0.212105 -1.002715 191.674850
63685.898438 -48431.691406 -0.619979 -0.815176 130.603180
34028.839844 -72523.296875 -0.927519 -0.433689 112.572250
53906.257812 -59378.117188 -0.757480 -0.687432 128.641205
40694.019531 69238.539062 0.881399 -0.518109 177.621521
-72381.867188 -35008.515625 -0.444654 0.919854 191.218353
-76188.046875 -25978.792969 -0.329454 0.966511 168.975922
-45821.613281 -66299.656250 -0.839542 0.580045 191.851532
64304.214844 48779.375000 0.616139 -0.812257 113.194389
-79124.203125 16433.576172 0.207327 0.997566 137.531158
62402.906250 -51500.589844 -0.648236 -0.785308 166.681534
-21066.734375 -78201.156250 -0.982720 0.264909 170.006363
-78816.148438 -19080.705078 -0.239315 0.988612 159.708115
78604.429688 -20371.146484 -0.255139 -0.984053 141.736115
46360.886719 -66779.718750 -0.834601 -0.579361 128.516006
-80283.515625 13389.795898 0.167050 1.001622 145.071671
40377.371094 -70809.906250 -0.881514 -0.502628 102.274513
63077.492188 51783.281250 0.643423 -0.783885 157.536682
81358.960938 7610.200195 0.094280 -1.009019 122.949036
74465.421875 -33843.742188 -0.419170 -0.922090 133.286942
8560.585938 -81437.226562 -1.006479 -0.105880 180.055435
68430.648438 -45192.554688 -0.557689 -0.844179 169.123306
37861.472656 72842.500000 0.897152 -0.466508 139.975174
-12311.588867 -81279.906250 -0.999149 0.151366 193.786697
77373.093750 28006.523438 0.343616 -0.948745 189.803513
-23581.820312 78952.382812 0.967034 0.288802 174.508743
11864.725586 81642.039062 0.998329 -0.145375 121.906525
73247.109375 38151.035156 0.465770 -0.894133 105.200699
77319.554688 29325.267578 0.357244 -0.943137 116.150253
-71030.226562 42558.585938 0.517279 0.863568 117.639343
-76580.414062 31741.242188 0.385211 0.929495 110.901314
44002.167969 70362.773438 0.852398 -0.533302 187.611038
-82535.476562 9676.352539 0.116382 0.998210 178.371689
15871.060547 81671.023438 0.984783 -0.189083 195.755493
3926.595947 83203.414062 1.003022 -0.047549 168.403687
-17665.953125 -81495.765625 -0.980415 0.212719 173.937790
19340.351562 81223.898438 0.975421 -0.232057 103.576157
-18052.683594 81624.187500 0.978288 0.216295 126.294708
-71812.984375 -42997.242188 -0.514293 0.859204 133.944977
15553.543945 82350.351562 0.985184 -0.189718 139.721329
-47222.250000 -69360.906250 -0.826743 0.563058 181.154953
16172.576172 -82434.632812 -0.981012 -0.192473 124.927353
-29407.634766 78790.406250 0.935994 0.349440 141.044907
10693.282227 -83516.273438 -0.990148 -0.126608 189.215744
56815.687500 62262.425781 0.737000 -0.672724 111.175949
5833.901855 84208.937500 0.994425 -0.069356 135.441544
-77632.257812 -33399.148438 -0.393700 0.915450 107.084206
79094.179688 -29992.779297 -0.353249 -0.931378 128.378448
-84152.468750 9615.436523 0.113728 0.989160 156.860947
27332.585938 80287.179688 0.941491 -0.320556 115.480736
84050.765625 12025.458984 0.140806 -0.984209 137.524750
-14287.454102 -83804.898438 -0.979381 0.167303 103.048439
22214.304688 82145.195312 0.957903 -0.259026 181.175079
-50128.816406 -68883.437500 -0.802264 0.584064 111.879868
13863.587891 -84161.992188 -0.978839 -0.160931 188.949478
-53775.593750 -66351.382812 -0.770042 0.624076 102.187431
-82412.750000 -22802.691406 -0.264154 0.954847 126.102463
-22772.808594 -82502.109375 -0.954414 0.263650 182.601105
20741.787109 83156.914062 0.960421 -0.240222 176.884048
65401.332031 55550.765625 0.640133 -0.753873 125.101562
38596.957031 -76729.507812 -0.883099 -0.444125 144.892975
19253.511719 -83808.523438 -0.963024 -0.221008 147.159607
46832.128906 72232.054688 0.828171 -0.537327 119.512497
-76213.398438 40250.546875 0.460848 0.872599 140.323334
25934.107422 -82296.757812 -0.940598 -0.296362 105.347595
-84932.320312 -15786.470703 -0.180021 0.968915 182.988998
-42009.949219 75607.132812 0.861058 0.478433 147.185318
-74758.382812 43690.664062 0.496767 0.849806 101.512726
78515.039062 36802.839844 0.417904 -0.890530 172.265915
62485.539062 -60233.117188 -0.682453 -0.707930 193.389877
80361.359375 33080.011719 0.373862 -0.908548 104.605934
-14332.184570 85798.585938 0.968827 0.161747 187.069031
-28149.386719 82418.757812 0.928949 0.317189 165.706512
-82442.968750 28424.855469 0.319708 0.927446 181.563309
-86716.875000 10133.823242 0.114231 0.973933 123.855133
-84964.578125 -20497.195312 -0.229590 0.952510 103.757942
53515.718750 -69208.656250 -0.774649 -0.599252 156.713272
87579.484375 -1133.366333 -0.012786 -0.978741 189.805344
74078.546875 -46958.937500 -0.523702 -0.826163 131.412582
78579.648438 39181.015625 0.436352 -0.875146 138.395935
-34737.007812 -80753.210938 -0.897485 0.386165 126.236153
10448.018555 -87381.382812 -0.969500 -0.115500 132.457977
84105.937500 26203.060547 0.290203 -0.931873 160.109848
-11208.727539 -87472.867188 -0.967688 0.124247 190.366867
-86207.703125 19086.824219 0.210760 0.951760 135.108871
86735.304688 17055.939453 0.187932 -0.956101 183.285370
80533.632812 36727.320312 0.403342 -0.885814 137.083755
64436.574219 60825.109375 0.668008 -0.707795 122.606514
70085.546875 -54349.574219 -0.596170 -0.768654 122.454742
-70484.492188 -54014.261719 -0.591686 0.771568 113.512482
-56306.046875 68807.617188 0.751837 0.615293 120.881310
88566.359375 -8663.324219 -0.094644 -0.966366 189.454178
-9810.814453 88565.234375 0.964648 0.106795 166.390717
-59350.730469 66594.867188 0.724223 0.645411 171.203415
-26217.062500 -85380.148438 -0.926492 0.284711 144.215591
79049.093750 41777.121094 0.452648 -0.856992 190.774857
88852.343750 10668.711914 0.115292 -0.961653 193.870193
56352.007812 -69657.398438 -0.752746 -0.608804 100.686920
89428.617188 7024.724121 0.076492 -0.963907 112.737762
-85421.093750 -27726.898438 -0.298596 0.919141 102.288643
-52925.605469 72687.843750 0.780964 0.568698 162.729446
-88884.453125 14197.019531 0.151188 0.953213 198.666092
27454.849609 85815.953125 0.919094 -0.294186 197.167618
43380.335938 -79074.992188 -0.845770 -0.463881 123.940559
33462.324219 -83877.148438 -0.895896 -0.357795 160.548203
-64361.300781 -63484.996094 -0.681852 0.685635 130.845673
32284.072266 -84547.164062 -0.898506 -0.343008 138.590942
17728.503906 88849.765625 0.943849 -0.188611 140.497253
54772.265625 -72301.117188 -0.766752 -0.580633 126.369972
-64901.421875 -63509.800781 -0.667043 0.687281 127.621658
-72833.187500 -54380.304688 -0.574656 0.769986 182.648254
-89915.257812 13970.339844 0.149619 0.949444 117.685913
90792.523438 7397.871582 0.077033 -0.956767 165.192612
-6918.048340 90937.945312 0.956436 0.072589 185.278198
87363.976562 -26480.000000 -0.278156 -0.917625 168.309540
-86462.953125 -29627.001953 -0.310499 0.906673 149.395508
77062.531250 49349.335938 0.516592 -0.806272 111.821465
-60518.031250 -68750.609375 -0.719910 0.632946 192.671173
-32366.427734 85797.929688 0.895223 0.337609 114.551163
91795.585938 1487.157959 0.015134 -0.956000 199.916153
-41578.726562 81959.148438 0.852266 0.432405 162.278625
-61480.871094 -68451.445312 -0.708398 0.637591 122.519913
78984.679688 -47363.894531 -0.490970 -0.818797 170.094177
-84453.617188 36975.000000 0.382440 0.873912 171.392151
-85876.421875 -33868.453125 -0.349778 0.887154 197.617233
92322.718750 -3741.112793 -0.038873 -0.952140 192.985016
35957.574219 -85227.039062 -0.877941 -0.371302 148.270355
89861.335938 22353.617188 0.229666 -0.923937 157.343445
-91361.046875 -15722.930664 -0.161225 0.937631 120.891212
-24223.326172 89586.812500 0.917914 0.248066 151.651398
68901.453125 -62303.320312 -0.637526 -0.704935 151.912674
-54075.613281 -75662.359375 -0.772901 0.552441 184.404449
83831.593750 40474.472656 0.412547 -0.855142 147.792862
-52046.078125 77328.914062 0.787181 0.529695 139.245499
-28967.187500 88701.625000 0.901565 0.294247 182.702942
-61.849751 -93409.242188 -0.947701 0.000832 138.713364
-38855.671875 85037.093750 0.861688 0.393609 138.122467
35972.292969 -86423.093750 -0.874812 -0.363515 119.521179
-89679.507812 27108.681641 0.273911 0.906000 123.406769
78255.578125 51720.246094 0.521579 -0.789273 176.149200
-57584.816406 74155.406250 0.746872 0.579776 105.370148
51521.382812 -78638.984375 -0.790287 -0.517707 193.717865
92303.640625 18289.341797 0.183296 -0.926382 158.878250
85986.343750 -38494.113281 -0.384066 -0.863118 166.043945
35582.125000 -87334.015625 -0.873090 -0.353979 100.493118
-68793.187500 -64624.285156 -0.645382 0.687274 130.535324
80084.679688 -50161.878906 -0.500324 -0.798427 105.566048
15094.746094 -93391.539062 -0.929801 -0.150099 137.406769
55125.152344 -77014.875000 -0.765623 -0.547814 118.728645
-87924.906250 35452.566406 0.351785 0.872578 164.082855
-90622.679688 -28185.953125 -0.279094 0.897873 173.385544
-95000.585938 -660.630798 -0.006562 0.939866 108.915329
86519.804688 -39453.328125 -0.389969 -0.852766 193.192139
3273.062744 -95154.351562 -0.938364 -0.031976 196.310150
-79216.132812 52999.710938 0.521655 0.780261 189.661499
-89498.781250 33003.386719 0.324726 0.880255 170.863434
61981.242188 -72642.757812 -0.713285 -0.608441 132.900940
-94579.742188 13950.541016 0.136721 0.927055 124.044403
-43403.187500 85300.945312 0.834755 0.424462 101.637245
87734.835938 -38467.093750 -0.377313 -0.857828 186.570694
-78367.945312 -55256.691406 -0.538961 0.764578 130.496140
30545.529297 91002.343750 0.886336 -0.297663 185.326263
-73129.937500 62331.851562 0.606228 0.711196 135.465500
7563.532227 95891.148438 0.931212 -0.073544 128.706726
80571.570312 52718.117188 0.510762 -0.781439 104.295418
-1303.899658 96398.328125 0.928164 0.021285 144.934525
-94509.679688 19433.394531 0.187978 0.913421 189.337418
90319.406250 34246.054688 0.330317 -0.871560 175.626541
48866.613281 -83438.234375 -0.803908 -0.470633 123.323105
-1508.446289 96778.734375 0.935441 0.006163 155.833862
-79842.562500 54906.703125 0.527527 0.766224 149.308014
-59510.613281 -76593.671875 -0.734445 0.570807 109.115730
40004.597656 -88483.210938 -0.847304 -0.382786 128.974854
93078.164062 -28056.140625 -0.268288 -0.889594 167.763626
96904.546875 -8608.237305 -0.082387 -0.925038 191.526001
-13920.813477 -96399.906250 -0.918888 0.132603 100.755089
28546.630859 -93223.562500 -0.887159 -0.271633 125.986214
75876.773438 61370.515625 0.583199 -0.721135 172.785431
-89672.343750 38774.441406 0.367905 0.850738 178.559494
-68013.937500 -70295.757812 -0.665570 0.644200 162.037064
68998.289062 69448.968750 0.656781 -0.652530 187.300980
-96910.085938 14574.723633 0.138070 0.915122 127.736801
40683.199219 89276.117188 0.841585 -0.383460 192.259842
44814.839844 87376.812500 0.822491 -0.421781 174.062256
24364.599609 95229.234375 0.895909 -0.229249 169.454178
-33439.613281 -92540.570312 -0.868487 0.313937 168.097107
88207.015625 43849.718750 0.410702 -0.826626 140.854492
25766.041016 95170.546875 0.889527 -0.241257 120.627258
-87784.890625 -45095.457031 -0.421349 0.820336 131.459839
-98803.007812 -1053.660767 -0.011235 0.919972 174.989441
86879.281250 -47267.460938 -0.440362 -0.809081 137.786804
-89935.257812 41415.886719 0.385144 0.835780 150.348022
11472.672852 98444.546875 0.913927 -0.106725 197.999405
-25245.105469 -95937.296875 -0.889457 0.234187 116.206413
79452.320312 59553.425781 0.551239 -0.735670 133.675797
-99399.523438 -1707.141602 -0.013754 0.920808 154.702972
51542.003906 85106.054688 0.785452 -0.475765 124.222458
-94449.585938 -31622.068359 -0.291239 0.870525 131.571686
-15470.129883 -98504.726562 -0.906207 0.142602 152.377182
-99052.234375 -12234.718750 -0.112274 0.910083 109.962074
38522.796875 92158.820312 0.845793 -0.353411 160.160202
67701.039062 73598.851562 0.674241 -0.620358 152.279617
100095.992188 -991.568298 -0.009419 -0.915596 195.436005
-78608.148438 -62144.699219 -0.567494 0.717964 118.604263
84233.335938 -54423.437500 -0.496534 -0.768282 189.547974
78187.351562 -62986.167969 -0.573625 -0.711935 199.793182
-21484.121094 98186.390625 0.892723 0.195212 150.094940
74252.718750 -67857.156250 -0.616214 -0.674142 166.439484
28081.791016 -96710.335938 -0.876699 -0.254339 121.612228
-97287.695312 26406.062500 0.239163 0.880507 194.172684
-100890.250000 1055.448120 0.010070 0.911649 146.157898
97416.914062 26705.722656 0.240825 -0.879103 164.868851
-92454.773438 -40929.832031 -0.368691 0.833127 178.042358
-1631.250122 101172.031250 0.910615 0.014264 177.938263
-16092.967773 100026.265625 0.898602 0.144448 138.618805
56982.730469 -83889.132812 -0.752594 -0.511042 129.538177
-55912.292969 -84708.335938 -0.758890 0.501002 118.793495
22090.599609 -99156.250000 -0.887142 -0.197492 147.239227
-93741.484375 39422.761719 0.352483 0.837340 135.502640
38678.847656 94156.937500 0.839845 -0.345684 115.043571
-98610.289062 -25706.595703 -0.228761 0.878123 160.851471
-88195.078125 51230.976562 0.455699 0.784293 110.713135
2380.683105 102060.578125 0.906271 -0.021505 114.976593
-7877.900879 101908.203125 0.903508 0.069647 171.641251
47124.828125 90792.031250 0.803756 -0.417447 196.913513
