0.00000000 0.00000200 0.00000000 0.00000000 0.00000000
0.00017500 0.00012200 0.00003900 0.00002000 0.00000000
0.00003000 0.00003400 0.00000300 0.00002300 0.00000000
0.00058000 0.00015300 0.00005700 0.00002600 0.00000000
0.00070200 0.00012200 0.00004600 0.00003000 0.00000000
0.00033500 0.00045800 0.00003100 0.00005700 0.00000000
0.00042700 0.00042700 0.00002400 0.00003900 0.00000000
0.00041200 0.00000000 0.00006100 0.00000300 0.00000000
0.00000000 0.00067200 0.00000400 0.00005800 0.00000000
0.00006100 0.00033600 0.00000300 0.00001100 0.00000000
0.00009200 0.00024400 0.00001400 0.00002700 0.00000000
0.00001600 0.00000000 0.00000900 0.00000600 0.00000000
0.00000000 0.00085500 0.00000200 0.00006300 0.00000000
0.00000000 0.00057900 0.00000400 0.00005400 0.00000000
0.00012200 0.00042800 0.00000000 0.00005600 0.00000000
0.00012200 0.00018300 0.00001100 0.00002100 0.00000000
0.00000000 0.00079400 0.00000000 0.00008300 0.00000000
0.00036600 0.00012200 0.00002300 0.00001200 0.00000000
0.00000000 0.00012200 0.00000300 0.00001500 0.00000000
0.00004500 0.00000000 0.00000200 0.00000000 0.00000000
0.00000000 0.00024400 0.00000500 0.00002300 0.00000000
0.00012200 0.00039600 0.00000700 0.00004700 0.00000000
0.00012200 0.00036600 0.00001200 0.00000800 0.00000000
0.00048900 0.00024400 0.00003800 0.00002400 0.00000000
0.00000000 0.00044300 0.00000100 0.00003800 0.00000000
0.00000000 0.00036600 0.00000000 0.00000300 0.00000000
0.00018300 0.00000000 0.00001100 0.00000200 0.00000000
0.00000000 0.00065600 0.00000100 0.00007200 0.00000000
0.00048800 0.00000000 0.00004400 0.00000000 0.00000000
0.00000000 0.00029800 0.00000100 0.00002300 0.00000000
0.00000000 0.00012200 0.00000100 0.00001800 0.00000000
0.00000000 0.00048900 0.00000300 0.00001800 0.00000000
0.00000000 0.00000000 0.00000300 0.00000000 0.00000000
0.00000000 0.00000000 0.00000900 0.00000200 0.00000000
0.00000000 0.00076300 0.00000300 0.00005100 0.00000000
0.00000000 0.00024400 0.00001800 0.00002200 0.00000000
0.00000000 0.00000000 0.00000100 0.00000400 0.00000000
0.00085400 0.00000000 0.00003100 0.00000000 0.00000000
0.00012300 0.00000000 0.00002400 0.00000600 0.00000000
0.00000000 0.00024400 0.00000500 0.00003200 0.00000000
0.00033600 0.00024400 0.00001800 0.00000000 0.00000000
0.00024400 0.00042700 0.00000400 0.00002800 0.00000000
0.00024500 0.00012200 0.00001200 0.00003400 0.00000000
0.00013700 0.00000000 0.00001700 0.00000100 0.00000000
0.00012200 0.00000000 0.00001000 0.00000400 0.00000000
0.00024400 0.00048800 0.00000400 0.00004200 0.00000000
0.00012200 0.00000000 0.00000600 0.00001400 0.00000000
0.00000000 0.00024400 0.00000400 0.00000700 0.00000000
0.00015300 0.00000000 0.00002200 0.00000000 0.00000000
0.00012200 0.00048800 0.00001500 0.00000900 0.00000000
0.00000000 0.00007600 0.00000000 0.00000700 0.00000000
0.00000000 0.00024400 0.00001100 0.00001900 0.00000000
0.00000000 0.00000000 0.00001200 0.00003900 0.00000000
0.00000000 0.00048800 0.00000600 0.00001600 0.00000000
0.00000000 0.00018300 0.00000100 0.00002000 0.00000000
0.00000000 0.00030600 0.00000300 0.00001500 0.00000000
0.00000000 0.00000000 0.00000200 0.00000100 0.00000000
0.00000000 0.00048800 0.00000400 0.00001900 0.00000000
0.00000000 0.00024400 0.00000400 0.00001700 0.00000000
0.00000000 0.00048900 0.00001100 0.00003300 0.00000000
0.00000000 0.00000000 0.00001800 0.00000400 0.00000000
0.00000000 0.00024400 0.00000800 0.00002600 0.00000000
0.00012300 0.00000000 0.00000700 0.00000300 0.00000000
0.00000000 0.00000000 0.00000500 0.00000500 0.00000000
0.00024400 0.00000000 0.00001600 0.00000400 0.00000000
0.00000000 0.00048800 0.00000700 0.00002200 0.00000000
0.00000000 0.00024400 0.00000300 0.00001400 0.00000000
0.00000000 0.00000000 0.00000000 0.00001000 0.00000000
0.00048800 0.00000000 0.00001500 0.00000100 0.00000000
0.00000000 0.00000000 0.00000800 0.00001800 0.00000000
0.00000000 0.00003000 0.00000100 0.00000600 0.00000000
0.00000000 0.00000000 0.00000100 0.00004200 0.00000000
0.00024400 0.00000000 0.00002600 0.00000000 0.00000000
0.00000000 0.00000000 0.00000100 0.00000500 0.00000000
0.00024400 0.00000000 0.00003100 0.00000200 0.00000000
0.00000000 0.00012200 0.00000200 0.00002100 0.00000000
0.00000000 0.00024400 0.00000000 0.00002900 0.00000000
0.00000000 0.00000000 0.00000200 0.00001000 0.00000000
0.00000000 0.00000000 0.00000700 0.00001200 0.00000000
0.00000000 0.00000000 0.00000100 0.00000200 0.00000000
0.00000000 0.00024400 0.00000200 0.00001500 0.00000000
0.00000000 0.00030500 0.00000100 0.00002900 0.00000000
0.00000000 0.00000000 0.00000300 0.00000400 0.00000000
0.00024400 0.00000000 0.00000400 0.00000000 0.00000000
0.00000000 0.00024400 0.00000300 0.00001000 0.00000000
0.00000000 0.00000000 0.00000300 0.00002100 0.00000000
0.00000000 0.00000000 0.00001000 0.00000700 0.00000000
0.00097600 0.00048800 0.00001200 0.00000200 0.00000000
0.00048800 0.00000000 0.00000900 0.00001100 0.00000000
0.00030500 0.00000000 0.00002300 0.00000100 0.00000000
0.00000000 0.00000000 0.00000100 0.00001500 0.00000000
0.00000000 0.00000000 0.00000000 0.00001600 0.00000000
0.00000000 0.00000000 0.00000500 0.00001100 0.00000000
0.00000000 0.00000000 0.00000400 0.00001200 0.00000000
0.00000000 0.00000000 0.00000100 0.00000300 0.00000000
0.00000000 0.00000000 0.00000400 0.00000700 0.00000000
0.00000000 0.00013700 0.00000000 0.00001300 0.00000000
0.00000000 0.00000000 0.00000100 0.00000800 0.00000000
0.00000000 0.00048900 0.00000400 0.00000700 0.00000000
0.00024400 0.00000000 0.00000400 0.00000200 0.00000000
0.00000000 0.00000000 0.00002300 0.00000100 0.00000000
0.00000000 0.00012200 0.00000200 0.00000100 0.00000000
0.00024400 0.00000000 0.00000200 0.00000200 0.00000000
0.00000000 0.00000000 0.00000800 0.00000400 0.00000000
0.00000000 0.00000000 0.00000400 0.00002900 0.00000000
0.00000000 0.00000000 0.00000000 0.00001300 0.00000000
0.00000000 0.00012200 0.00000200 0.00000900 0.00000000
0.00000000 0.00030600 0.00000100 0.00003400 0.00000000
0.00000000 0.00000000 0.00001700 0.00000500 0.00000000
0.00000000 0.00000000 0.00000300 0.00000000 0.00000000
0.00000000 0.00000000 0.00000900 0.00002300 0.00000000
0.00000000 0.00000000 0.00000100 0.00000600 0.00000000
0.00000000 0.00048800 0.00000500 0.00000400 0.00000000
0.00000000 0.00048800 0.00000800 0.00001400 0.00000000
0.00000000 0.00000000 0.00001500 0.00000500 0.00000000
0.00000000 0.00048900 0.00000100 0.00000500 0.00000000
0.00000000 0.00000000 0.00001600 0.00000100 0.00000000
0.00000000 0.00000000 0.00000600 0.00000100 0.00000000
0.00048800 0.00000000 0.00000700 0.00000600 0.00000000
0.00000000 0.00000000 0.00001700 0.00001300 0.00000000
0.00000000 0.00000000 0.00000300 0.00000300 0.00000000
0.00000000 0.00024400 0.00000200 0.00002300 0.00000000
0.00000000 0.00000000 0.00000100 0.00001600 0.00000000
0.00000000 0.00000000 0.00000200 0.00001100 0.00000000
0.00024400 0.00000000 0.00002800 0.00000100 0.00000000
0.00000000 0.00030500 0.00000000 0.00002500 0.00000000
0.00000000 0.00000000 0.00000300 0.00000900 0.00000000
0.00000000 0.00000000 0.00000900 0.00000500 0.00000000
0.00000000 0.00000000 0.00000600 0.00001700 0.00000000
0.00000000 0.00000000 0.00000400 0.00000700 0.00000000
0.00000000 0.00000000 0.00001500 0.00000300 0.00000000
0.00048900 0.00097600 0.00001500 0.00000300 0.00000000
0.00000000 0.00000000 0.00002400 0.00000600 0.00000000
0.00000000 0.00000000 0.00000100 0.00001200 0.00000000
0.00008000 0.00000000 0.00000900 0.00000000 0.00000000
0.00015200 0.00000000 0.00001600 0.00000000 0.00000000
0.00000000 0.00000000 0.00000600 0.00002600 0.00000000
0.00000000 0.00000000 0.00001100 0.00000500 0.00000000
0.00048800 0.00000000 0.00000300 0.00000400 0.00000000
0.00000000 0.00000000 0.00000300 0.00000100 0.00000000
0.00000000 0.00000000 0.00001200 0.00000500 0.00000000
0.00000000 0.00024400 0.00000100 0.00001200 0.00000000
0.00000000 0.00048800 0.00000400 0.00001400 0.00000000
0.00000000 0.00000000 0.00000200 0.00000700 0.00000000
0.00000000 0.00000000 0.00000000 0.00000200 0.00000000
0.00000000 0.00000000 0.00000500 0.00001100 0.00000000
0.00000000 0.00021400 0.00000000 0.00002900 0.00000000
0.00000000 0.00000000 0.00000100 0.00000500 0.00000000
0.00000000 0.00000000 0.00000100 0.00000900 0.00000000
0.00000000 0.00000000 0.00000300 0.00000500 0.00000000
0.00012200 0.00000000 0.00000500 0.00000000 0.00000000
0.00000000 0.00000000 0.00000300 0.00000200 0.00000000
0.00000000 0.00000000 0.00000000 0.00000600 0.00000000
0.00048800 0.00000000 0.00002900 0.00000100 0.00000000
0.00000000 0.00024400 0.00000200 0.00001200 0.00000000
0.00000000 0.00000000 0.00000500 0.00000700 0.00000000
0.00000000 0.00000000 0.00000300 0.00001100 0.00000000
0.00000000 0.00000000 0.00000200 0.00000600 0.00000000
0.00000000 0.00000000 0.00000300 0.00000000 0.00000000
0.00000000 0.00000000 0.00000000 0.00000100 0.00000000
0.00024400 0.00097600 0.00002400 0.00000300 0.00000000
0.00097600 0.00000000 0.00000700 0.00001200 0.00000000
0.00000000 0.00000000 0.00000600 0.00000900 0.00000000
0.00048900 0.00000000 0.00001100 0.00000100 0.00000000
0.00000000 0.00000000 0.00000100 0.00001200 0.00000000
0.00000000 0.00000000 0.00000100 0.00000800 0.00000000
0.00000000 0.00000000 0.00000000 0.00001200 0.00000000
0.00000000 0.00000000 0.00001000 0.00000100 0.00000000
0.00000000 0.00000000 0.00000100 0.00000200 0.00000000
0.00000000 0.00048900 0.00000000 0.00001300 0.00000000
0.00048800 0.00000000 0.00001700 0.00000000 0.00000000
0.00000000 0.00000000 0.00000400 0.00000500 0.00000000
0.00000000 0.00000000 0.00001600 0.00001100 0.00000000
0.00000000 0.00195300 0.00000300 0.00000400 0.00000000
0.00000000 0.00000000 0.00000000 0.00000300 0.00000000
0.00018300 0.00000000 0.00000800 0.00000100 0.00000000
0.00000000 0.00000000 0.00000100 0.00000400 0.00000000
0.00000000 0.00000000 0.00000600 0.00000600 0.00000000
0.00000000 0.00000000 0.00001800 0.00000600 0.00000000
0.00000000 0.00000000 0.00000000 0.00000100 0.00000000
0.00000000 0.00000000 0.00001000 0.00000200 0.00000000
0.00000000 0.00000000 0.00000600 0.00000800 0.00000000
0.00000000 0.00006100 0.00000000 0.00000800 0.00000000
0.00097600 0.00000000 0.00001000 0.00000500 0.00000000
0.00000000 0.00000000 0.00000400 0.00000100 0.00000000
0.00000000 0.00000000 0.00000200 0.00000100 0.00000000
0.00000000 0.00000000 0.00000700 0.00000700 0.00000000
0.00000000 0.00000000 0.00000000 0.00000600 0.00000000
0.00000000 0.00000000 0.00000200 0.00000000 0.00000000
0.00000000 0.00000000 0.00000600 0.00000200 0.00000000
0.00000000 0.00000000 0.00001200 0.00000100 0.00000000
0.00000000 0.00000000 0.00001400 0.00000600 0.00000000
0.00000000 0.00000000 0.00000200 0.00000900 0.00000000
0.00000000 0.00000000 0.00000000 0.00000300 0.00000000
0.00097600 0.00097600 0.00000600 0.00000900 0.00000000
0.00000000 0.00000000 0.00000500 0.00002100 0.00000000
0.00000000 0.00000000 0.00000600 0.00001100 0.00000000
0.00000000 0.00012200 0.00000000 0.00000300 0.00000000
0.00000000 0.00000000 0.00000000 0.00001000 0.00000000
0.00000000 0.00000000 0.00000600 0.00000100 0.00000000
0.00000000 0.00000000 0.00000600 0.00000000 0.00000000
0.00000000 0.00000000 0.00000700 0.00000100 0.00000000
0.00048800 0.00000000 0.00001800 0.00000700 0.00000000
0.00000000 0.00000000 0.00000200 0.00000100 0.00000000
0.00000000 0.00012200 0.00000000 0.00001100 0.00000000
0.00000000 0.00000000 0.00000600 0.00001000 0.00000000
0.00000000 0.00000000 0.00000600 0.00000000 0.00000000
0.00000000 0.00000000 0.00001200 0.00000200 0.00000000
0.00000000 0.00000000 0.00000000 0.00000600 0.00000000
0.00000000 0.00000000 0.00000000 0.00000000 0.00000000
0.00000000 0.00000000 0.00000800 0.00000300 0.00000000
0.00000000 0.00000000 0.00000100 0.00000800 0.00000000
0.00000000 0.00000000 0.00001700 0.00000100 0.00000000
0.00000000 0.00000000 0.00001600 0.00000300 0.00000000
0.00000000 0.00000000 0.00000800 0.00000600 0.00000000
0.00000000 0.00000000 0.00000400 0.00000100 0.00000000
0.00000000 0.00000000 0.00001200 0.00000600 0.00000000
0.00000000 0.00000000 0.00001200 0.00001200 0.00000000
0.00000000 0.00048900 0.00000000 0.00001200 0.00000000
0.00000000 0.00000000 0.00000300 0.00000400 0.00000000
0.00000000 0.00000000 0.00000100 0.00000500 0.00000000
0.00000000 0.00000000 0.00000300 0.00000200 0.00000000
0.00097700 0.00000000 0.00001200 0.00000500 0.00000000
0.00000000 0.00000000 0.00000000 0.00000500 0.00000000
0.00000000 0.00048800 0.00000000 0.00000200 0.00000000
0.00000000 0.00000000 0.00000300 0.00000200 0.00000000
0.00000000 0.00000000 0.00000200 0.00000300 0.00000000
0.00000000 0.00000000 0.00000100 0.00001100 0.00000000
0.00000000 0.00000000 0.00000300 0.00000400 0.00000000
0.00000000 0.00000000 0.00000100 0.00000500 0.00000000
0.00000000 0.00000000 0.00000800 0.00000600 0.00000000
0.00000000 0.00000000 0.00000600 0.00000400 0.00000000
0.00000000 0.00000000 0.00000000 0.00000200 0.00000000
0.00000000 0.00000000 0.00000100 0.00000600 0.00000000
0.00000000 0.00000000 0.00000700 0.00000100 0.00000000
0.00048800 0.00000000 0.00001200 0.00000100 0.00000000
0.00000000 0.00000000 0.00000000 0.00001200 0.00000000
0.00000000 0.00000000 0.00000800 0.00000100 0.00000000
0.00000000 0.00000000 0.00000100 0.00000800 0.00000000
0.00000000 0.00000000 0.00000200 0.00001200 0.00000000
0.00000000 0.00000000 0.00000600 0.00002400 0.00000000
0.00000000 0.00000000 0.00000900 0.00000000 0.00000000
0.00000000 0.00000000 0.00001100 0.00000000 0.00000000
0.00000000 0.00000000 0.00000100 0.00000000 0.00000000
0.00012300 0.00000000 0.00000400 0.00000000 0.00000000
0.00000000 0.00000000 0.00000900 0.00000400 0.00000000
0.00000000 0.00000000 0.00001200 0.00001800 0.00000000
0.00000000 0.00000000 0.00001200 0.00000000 0.00000000
0.00012200 0.00000000 0.00001200 0.00000100 0.00000000
0.00012200 0.00000000 0.00001200 0.00000000 0.00000000
0.00000000 0.00000000 0.00000300 0.00000400 0.00000000
0.00012200 0.00000000 0.00000900 0.00000000 0.00000000
0.00000000 0.00000000 0.00000300 0.00001200 0.00000000
0.00000000 0.00000000 0.00000300 0.00000000 0.00000000
0.00000000 0.00048800 0.00000300 0.00001200 0.00000000
0.00000000 0.00000000 0.00000400 0.00000000 0.00000000

Stats:
max:  0.00195300000269
avg:  4.26968750037e-05
zero:  53.59375 %
