-0.544391 0.087141 0.023634 0.032186 139871.515625
28.578079 -87.693871 -28.636072 -9.485397 178.416107
194.884613 75.024864 7.463042 -18.668562 134.440460
203.480621 -217.465271 -12.269098 -11.523211 178.125366
-393.694519 -110.209236 -3.851360 13.827476 110.766701
-25.769636 496.837250 12.989497 0.668470 178.659866
333.551239 512.920837 9.808278 -6.401847 178.607285
603.241943 337.440277 5.345286 -9.616252 132.985565
-410.972900 702.952637 8.778661 5.121886 127.848328
-653.584534 -607.240051 -6.593559 7.119164 191.037582
168.552795 996.819885 8.979398 -1.541349 116.357521
-1103.327271 53.637810 0.435509 8.709115 196.100555
-686.669678 965.619141 6.875685 4.862875 179.053925
686.969727 -1113.663574 -6.819528 -4.199548 115.463219
-641.187012 -1257.661255 -6.864772 3.513983 120.327400
1099.883301 1027.708008 5.091224 -5.465149 185.843613
1555.783691 369.358215 1.673498 -7.041355 119.991562
-175.047073 1700.237915 7.037964 0.759497 141.913910
-59.808483 1785.695801 6.787952 0.167946 155.104172
-1912.858887 -78.567558 -0.260663 6.619168 192.512772
-1501.023560 1305.635864 4.269104 4.895151 157.921188
1986.430298 645.479797 1.976856 -5.979880 183.135590
2065.402588 789.954468 2.154325 -5.830595 134.900436
1307.545166 -1875.915649 -4.971190 -3.458986 172.018372
-92.817833 -2391.010010 -5.913274 0.227938 157.806717
-2233.777588 1096.689941 2.567721 5.212981 127.076523
2065.877197 -1569.689453 -3.436575 -4.525475 140.622665
-901.242371 -2552.658936 -5.243807 1.855699 145.776505
412.292938 -2763.072266 -5.443811 -0.813384 173.735291
211.350510 -2883.413818 -5.346105 -0.365301 100.496628
2572.296631 -1560.802734 -2.733381 -4.504197 152.277222
3061.713867 508.576477 0.845836 -5.132239 191.942688
2898.223389 -1389.496948 -2.223595 -4.613345 197.909103
3293.874756 -279.901947 -0.432826 -5.018852 104.616943
46.557438 3392.791260 4.971708 -0.072360 190.191574
-2350.722656 2594.781250 3.631163 3.286888 165.399689
-1407.932129 -3327.829590 -4.428711 1.879633 108.901161
-3292.171875 1682.420044 2.172961 4.242246 199.303253
-847.599487 -3693.360840 -4.576709 1.045143 169.591553
3503.878906 -1688.171143 -2.026237 -4.180038 147.614380
-690.453125 -3944.951904 -4.519561 0.814246 124.409325
-2363.768066 3353.324463 3.701311 2.605522 116.333893
-1833.059204 3781.231445 4.017300 1.948841 119.488640
4280.949707 439.371307 0.445359 -4.393476 112.927498
-1053.580811 4272.526367 4.237328 1.040959 112.113678
2195.005127 -3917.041016 -3.774036 -2.109987 137.374588
878.797791 -4507.937500 -4.197402 -0.813639 174.553833
1781.512939 4341.312012 3.913702 -1.606444 143.642975
-2382.173828 4182.654297 3.634755 2.063770 186.555923
-4865.438477 561.921387 0.476866 4.114479 158.396851
2838.428223 4122.460938 3.373207 -2.321033 151.678513
-150.310150 -5107.755859 -4.049788 0.124580 124.322105
-2095.002441 4743.758301 3.679388 1.615136 159.463211
4823.953613 -2170.336914 -1.638761 -3.630812 192.002274
-5146.963379 1611.504639 1.181736 3.763246 193.957672
-3907.713867 -3876.857178 -2.748016 2.773325 123.136116
4221.083496 -3675.324463 -2.545206 -2.917827 106.614128
3607.856445 4425.823242 2.968506 -2.421618 185.014374
4865.393555 3168.232666 2.073931 -3.186418 104.113350
-5853.845703 -682.648193 -0.435086 3.749926 137.646362
2226.883789 5581.164062 3.470477 -1.386373 186.110016
6017.732422 911.093628 0.552892 -3.669300 101.781570
5862.612793 2030.111938 1.201320 -3.474802 176.603699
1513.687988 6117.283203 3.546354 -0.877575 108.485489
-6389.254883 369.441101 0.212854 3.615453 102.043900
4011.101807 5123.493164 2.822977 -2.216950 147.470490
-6369.992676 -1760.749634 -0.946908 3.436939 110.164970
-4837.023926 4642.406250 2.452863 2.553947 199.028488
5979.348633 3250.212402 1.676183 -3.085451 113.364296
-4517.992676 5197.776367 2.633355 2.283436 122.763954
3548.334717 6048.754883 2.981918 -1.754530 174.841858
1754.491943 6893.480957 3.329432 -0.851590 194.007309
4214.937988 -5845.043945 -2.769927 -1.996456 196.594223
-6148.888672 3950.948242 1.831593 2.850479 102.091232
6202.342285 -4053.415527 -1.843841 -2.815937 123.425827
-4834.899902 -5725.260254 -2.555439 2.160421 172.711685
-6972.163574 3016.431885 1.322170 3.051847 187.323380
6700.674316 3786.270752 1.623538 -2.875353 141.814758
943.982056 -7743.106445 -3.260403 -0.397197 179.828781
3962.457275 -6842.772461 -2.819382 -1.630431 187.921371
448.912994 -7987.070801 -3.227856 -0.176869 124.489388
-2398.729736 -7734.552734 -3.077125 0.948964 141.211334
-6961.838867 4326.814453 1.692137 2.715135 162.409317
2281.527832 7977.654785 3.057303 -0.878434 147.546555
8336.496094 1067.331055 0.399714 -3.133014 188.625320
-3094.246338 7912.880859 2.926647 1.142695 179.603302
-2656.007568 -8171.691895 -2.967772 0.972588 143.616623
7590.043945 4262.658203 1.521152 -2.708065 187.279404
-7247.434082 -4989.777344 -1.749894 2.544660 195.606018
-4696.202637 7554.750977 2.608842 1.620129 172.709824
4292.930176 -7913.301758 -2.684508 -1.452859 156.237152
-588.051758 9066.080078 3.032914 0.195152 132.298065
-5078.899414 -7675.653320 -2.516740 1.667722 102.674095
8275.060547 4218.069824 1.359928 -2.677050 143.968964
-1371.961914 -9314.202148 -2.953977 0.437205 164.668137
7469.881836 5883.384766 1.837992 -2.335311 166.815536
-6040.437012 7450.715820 2.299990 1.861638 197.881638
9526.225586 1762.187866 0.532285 -2.893994 168.031403
-9785.500977 142.458908 0.044323 2.928699 176.293335
5596.702637 -8176.314941 -2.404263 -1.642352 136.031723
-9261.975586 3757.851807 1.079863 2.672533 170.010513
-9478.730469 3501.704102 1.010645 2.717593 153.071564
9151.059570 4518.192383 1.264371 -2.572045 179.222198
4525.218262 9240.570312 2.574684 -1.242846 145.056610
5107.272949 9069.107422 2.467597 -1.390432 152.666046
10078.621094 -2938.850098 -0.792845 -2.713943 125.476326
4615.864746 9539.469727 2.531268 -1.246677 136.199142
-1609.554932 10566.229492 2.770545 0.420043 172.157867
-4964.181641 9603.893555 2.475441 1.277174 175.167267
8605.011719 6677.287598 1.697505 -2.185143 125.056129
-10389.999023 3650.976318 0.920208 2.604659 109.745834
8519.198242 7113.692871 1.762289 -2.118617 153.725769
3556.309082 -10612.502930 -2.596906 -0.869623 198.207260
10294.663086 -4673.990234 -1.127657 -2.479765 105.599632
-2851.478516 -11029.217773 -2.629328 0.677625 123.449409
6426.272949 9536.293945 2.237504 -1.509818 140.381927
-10180.016602 -5582.767578 -1.292296 2.358600 136.000504
-4679.811523 -10725.484375 -2.454104 1.071374 153.921738
-11164.442383 -3803.473877 -0.859705 2.524117 181.425034
2239.895020 -11689.391602 -2.606616 -0.499111 114.116447
-3112.308838 -11594.482422 -2.552018 0.690516 124.705765
6000.906738 10496.816406 2.286086 -1.310855 169.430161
-10617.375977 5990.087891 1.289378 2.284598 180.587692
8960.845703 8414.398438 1.786837 -1.905200 160.852448
-7170.261719 10115.790039 2.123181 1.503247 154.193405
6090.283203 -10929.001953 -2.263891 -1.259799 125.278702
-5645.909180 -11255.510742 -2.305214 1.159286 140.923859
573.629578 12695.403320 2.566956 -0.117450 199.010529
-11876.453125 -4781.311035 -0.953970 2.376542 167.570084
8838.039062 9406.394531 1.858146 -1.748513 122.895897
3701.625732 -12476.942383 -2.434558 -0.723349 101.019669
13105.264648 -12.867108 -0.002832 -2.530304 171.951920
5214.638184 12125.703125 2.316683 -0.998361 188.764221
-11908.580078 5894.781738 1.116836 2.252706 130.678772
10976.486328 -7693.029297 -1.437141 -2.048744 142.752182
2755.816406 -13227.526367 -2.436972 -0.507644 177.650467
13452.108398 1957.701172 0.356677 -2.459419 160.849976
4374.354004 -12976.026367 -2.348701 -0.789766 128.549835
-10933.631836 8442.555664 1.506690 1.950064 152.907913
9506.197266 10128.273438 1.790175 -1.685336 109.091469
10686.284180 9030.514648 1.578385 -1.871177 122.156647
3272.179688 -13727.913086 -2.373862 -0.560183 101.849281
-1718.638672 14104.861328 2.412686 0.293054 101.895134
-9077.895508 11034.027344 1.871965 1.538800 120.501488
14380.675781 -768.659424 -0.130447 -2.409635 163.267960
10351.551758 -10145.742188 -1.684885 -1.717738 153.643967
6940.213379 12859.467773 2.107247 -1.139672 132.011429
-14120.073242 4056.918213 0.661304 2.297751 134.370865
-12772.403320 7491.266113 1.204319 2.052848 114.643997
-11808.490234 -9103.059570 -1.447945 1.879260 154.255859
4957.601074 -14142.807617 -2.234905 -0.780570 167.322906
-2597.733643 -14861.812500 -2.323614 0.406019 178.550888
-14936.994141 -2748.119629 -0.424464 2.312194 157.369965
-9593.217773 -11911.024414 -1.827812 1.469245 184.367844
6295.623047 14068.400391 2.129412 -0.955580 120.396973
-15498.915039 -8.232043 -0.000299 2.327033 119.650742
-13944.365234 7012.973633 1.041236 2.074903 107.407875
-10230.889648 -11894.015625 -1.747190 1.507822 124.592224
-11332.116211 11000.420898 1.606232 1.653176 170.214325
4086.546631 15375.700195 2.219675 -0.591237 111.844238
-1145.128296 15958.666992 2.284162 0.162486 172.377899
-7984.894531 13972.647461 1.982800 1.132835 152.834930
-14340.550781 7558.312012 1.062221 2.011637 125.167282
-3268.327393 -15974.875977 -2.221305 0.456397 178.139160
-9991.324219 -13020.118164 -1.793080 1.380099 142.429352
12674.356445 10545.612305 1.442225 -1.729586 160.790039
13077.687500 -10207.983398 -1.385109 -1.772953 110.871674
16521.367188 2418.197266 0.323725 -2.218651 153.524231
-4946.998047 16043.070312 2.135512 0.658615 117.297562
12680.125977 11160.367188 1.472947 -1.678403 155.099548
-13442.117188 -10429.604492 -1.360445 1.755640 176.021683
12522.984375 -11643.476562 -1.509101 -1.621410 102.220604
-2105.681152 -17077.802734 -2.192291 0.272098 135.545578
-15361.112305 7958.994141 1.016040 1.956427 177.891754
-7535.438477 15698.418945 1.979414 0.949238 149.760620
-15061.120117 8914.394531 1.115764 1.882186 114.420105
-15281.067383 -8741.733398 -1.083137 1.895473 125.514198
17685.970703 -416.165344 -0.049806 -2.178581 115.054329
13524.034180 11567.153320 1.408114 -1.652575 117.411354
-10239.407227 14697.452148 1.776658 1.236746 147.229279
-6098.608887 16941.085938 2.031362 0.730577 158.763977
4637.920898 -17502.003906 -2.081539 -0.551029 119.338326
-17874.994141 -3352.980957 -0.395128 2.111290 107.503227
17438.681641 5581.343262 0.651623 -2.039326 180.628647
18375.412109 -848.438171 -0.100018 -2.132807 123.082420
-17777.041016 -5118.833008 -0.588464 2.047582 155.261520
5163.433594 17876.248047 2.039935 -0.590327 196.816711
-15196.053711 10917.916992 1.235365 1.720106 155.155853
2275.907959 -18648.363281 -2.096614 -0.255701 154.871155
-7064.164551 -17531.169922 -1.953886 0.788199 166.176971
-12918.509766 13916.769531 1.541213 1.429464 100.917534
17208.841797 8273.310547 0.907435 -1.889906 131.470718
13242.622070 13897.531250 1.513056 -1.443815 110.671471
18822.970703 -4222.488281 -0.456958 -2.034218 163.687073
-5911.382324 18475.003906 1.980675 0.632558 168.656693
3332.606689 -19227.580078 -2.044185 -0.352462 168.009674
-19567.689453 -1337.466797 -0.140351 2.063998 122.536072
-15556.506836 12086.356445 1.266234 1.629450 143.107544
-18926.779297 5768.662598 0.600997 1.970050 183.248337
19792.888672 -2121.168945 -0.219112 -2.039603 160.255997
16077.231445 11907.166992 1.217870 -1.646461 129.230087
-17138.208984 10475.080078 1.057803 1.741115 166.192276
6106.478027 -19243.412109 -1.943914 -0.615678 173.363174
20279.310547 -1082.706665 -0.109798 -2.030739 186.288376
-17579.546875 10347.334961 1.039451 1.750493 182.859634
-15908.391602 12912.396484 1.276436 1.568919 112.837540
-10575.779297 17673.271484 1.733017 1.037141 190.642212
10140.495117 -18056.271484 -1.754376 -0.985418 141.787872
14802.505859 -14618.032227 -1.411649 -1.429137 181.328812
-18147.681641 -10350.685547 -0.992737 1.741559 126.676414
-6258.972168 20046.306641 1.908197 0.594108 125.059952
-9972.070312 18584.140625 1.756632 0.941083 135.243408
-20709.248047 4593.557617 0.431651 1.942140 176.565094
1445.874023 21259.328125 1.979931 -0.135425 156.528244
-6697.936035 -20328.357422 -1.880338 0.620407 155.761505
11495.929688 -18176.914062 -1.670691 -1.055298 197.347290
5907.865723 20780.917969 1.895301 -0.539436 136.547134
21683.248047 400.082214 0.035493 -1.967217 170.177734
-14728.095703 -16087.823242 -1.447827 1.324986 153.394943
14357.763672 -16522.650391 -1.478250 -1.283528 141.069931
-16803.763672 14194.849609 1.261508 1.490739 199.379654
-19732.189453 -9968.820312 -0.877357 1.739227 129.241669
-22186.181641 793.584106 0.069090 1.942552 162.126678
-3779.226807 21964.601562 1.917498 0.333955 108.706154
17091.402344 -14485.390625 -1.252198 -1.476391 132.667175
-15618.761719 -16200.326172 -1.387537 1.341217 102.666435
-3422.750000 22353.689453 1.900838 0.287192 186.713608
-11938.871094 19313.091797 1.635013 1.012406 107.344749
4909.888672 22256.197266 1.873884 -0.414517 107.667412
-14532.019531 17702.976562 1.480452 1.214015 170.929932
551.751526 -22996.853516 -1.909490 -0.045107 157.388321
-23111.701172 -145.774078 -0.010726 1.906809 196.272629
23111.626953 2032.325684 0.166095 -1.895365 153.775162
19524.375000 12721.994141 1.036157 -1.589683 103.259071
-3343.343994 -23173.302734 -1.873859 0.270823 131.012756
-12156.365234 20127.916016 1.615387 0.974722 119.895851
-8834.097656 21895.015625 1.748045 0.704304 182.745880
23633.437500 -1931.665894 -0.154070 -1.874554 110.205048
7685.942871 22540.181641 1.776115 -0.606522 144.061234
9955.068359 -21734.445312 -1.702248 -0.780356 165.643250
-21918.351562 9759.694336 0.761601 1.709741 101.627518
-12981.083984 20295.626953 1.575268 1.004120 177.073975
16432.744141 -17776.267578 -1.367879 -1.263127 127.226036
-24193.380859 2368.963867 0.181764 1.849146 128.648788
-21846.193359 10841.511719 0.825270 1.660490 137.870499
-19406.419922 14945.290039 1.130300 1.465912 110.652649
2832.285645 24425.435547 1.835054 -0.213781 144.342545
15606.309570 19135.085938 1.428707 -1.166161 175.487305
17292.671875 17784.099609 1.318421 -1.282447 174.264679
10922.482422 -22371.113281 -1.651339 -0.804055 194.069595
20938.669922 13651.328125 1.000280 -1.520274 175.971985
-11228.912109 22435.621094 1.637260 0.819417 119.351524
20951.035156 13997.650391 1.012329 -1.535675 153.449860
20063.240234 -15421.872070 -1.110268 -1.443533 140.393677
25349.431641 1377.458374 0.098216 -1.815692 188.889130
-10843.125977 23068.794922 1.641124 0.768169 131.603409
-24749.037109 6559.071289 0.463563 1.749755 171.202927
-8001.320801 -24418.515625 -1.716933 0.562875 194.401306
-18946.367188 17494.986328 1.224364 1.324428 108.543297
-4983.687500 -25402.308594 -1.767031 0.346999 121.296295
23264.767578 11628.908203 0.802247 -1.606777 103.590256
8258.948242 24743.144531 1.700906 -0.568886 112.813484
-21595.851562 -14836.458008 -1.013356 1.473372 145.238617
-4886.757812 25855.498047 1.754876 0.330667 154.640823
-14453.754883 22103.693359 1.492944 0.974362 144.279144
-26425.279297 -1842.781006 -0.123075 1.776248 145.166367
18969.691406 18662.333984 1.244331 -1.266818 177.198349
-26664.615234 1541.370605 0.103179 1.770126 123.120934
-21621.806641 -15854.345703 -1.045874 1.428919 193.139191
-15624.849609 -21882.224609 -1.437400 1.026940 131.314362
-26213.990234 6421.670898 0.419892 1.709872 103.289680
-26463.857422 5804.416992 0.379025 1.721515 110.692680
27196.892578 725.207642 0.045967 -1.755278 130.597336
25741.154297 -9071.653320 -0.582883 -1.653829 190.229660
4688.243164 -27002.291016 -1.723410 -0.298950 118.238480
24455.744141 -12553.947266 -0.796967 -1.555317 152.494263
5829.638184 -26990.576172 -1.705305 -0.367635 103.649673
-23633.822266 -14428.157227 -0.906386 1.486379 116.047249
-27472.345703 4174.739746 0.262178 1.718514 165.174301
-24644.695312 -13072.448242 -0.812199 1.531921 125.295494
-6086.067871 -27328.703125 -1.689829 0.377290 190.480438
27895.107422 -3399.200195 -0.209558 -1.715481 136.701111
-8895.945312 -26771.146484 -1.636122 0.544701 183.309052
27558.847656 -6467.978027 -0.393858 -1.676512 183.754105
-13569.766602 -24963.277344 -1.509682 0.821246 178.429977
13672.048828 -25005.142578 -1.506060 -0.822685 156.225769
1905.654053 -28536.439453 -1.709426 -0.113992 148.744919
25383.650391 -13402.667969 -0.798455 -1.512412 127.190338
28636.320312 3013.473633 0.184546 -1.697200 185.963348
-25599.113281 13416.578125 0.791116 1.511198 133.607239
18837.738281 -22047.349609 -1.293631 -1.104553 191.418304
-24506.853516 15710.128906 0.914339 1.428391 162.986816
-2169.255371 29124.386719 1.690487 0.125201 161.126236
29138.201172 3075.824219 0.169021 -1.683896 131.075211
28144.277344 -8478.649414 -0.488354 -1.617536 127.474525
-25477.279297 14892.366211 0.850955 1.456378 194.603348
25394.484375 -15198.699219 -0.858450 -1.442120 177.628036
-26598.886719 -13220.917969 -0.747088 1.505359 153.746948
22238.333984 -19835.482422 -1.117223 -1.252002 146.081024
-28331.566406 9585.581055 0.537514 1.586687 147.769440
25963.125000 -15043.709961 -0.844357 -1.447359 190.126572
395.938904 -30092.884766 -1.669564 -0.021893 176.442093
-26562.509766 14398.343750 0.796783 1.465988 117.408691
27154.593750 -13427.927734 -0.737919 -1.492892 143.623703
6110.283691 29781.111328 1.627405 -0.334437 145.316788
27543.994141 13098.383789 0.711840 -1.498305 140.726410
-25903.003906 16278.042969 0.882412 1.400618 182.346863
30388.281250 4429.124023 0.243248 -1.628139 173.827789
-30775.039062 1052.029175 0.056836 1.650386 131.216446
-10011.060547 29241.236328 1.559027 0.532989 119.687134
30632.937500 4784.720215 0.246609 -1.635561 164.535339
-22177.869141 21798.796875 1.151694 1.170968 156.241486
-16643.474609 26393.195312 1.387514 0.874353 131.506699
-23686.384766 -20438.988281 -1.069697 1.240386 173.640015
16458.777344 26739.908203 1.392000 -0.857265 166.395538
-17445.949219 -26241.439453 -1.358852 0.903964 188.203262
28378.492188 -13914.551758 -0.718688 -1.462573 195.288940
-2789.582764 -31575.292969 -1.620604 0.143279 136.397491
31788.121094 1116.822876 0.056173 -1.623232 138.719254
430.777039 -31910.654297 -1.621616 -0.020637 188.217575
-25953.566406 18724.875000 0.936112 1.343790 118.499664
12363.048828 -29612.740234 -1.492434 -0.622820 120.983864
-26033.724609 18947.998047 0.958606 1.280453 158.656967
-28566.654297 15055.874023 0.753148 1.426032 192.645233
26062.027344 -19268.216797 -0.956943 -1.293475 154.023849
6515.400391 -31848.148438 -1.574075 -0.321727 170.267365
-32530.150391 2228.538086 0.110504 1.600716 135.979095
29917.968750 -13167.188477 -0.646774 -1.467453 128.787109
-11799.820312 -30602.796875 -1.492161 0.575997 102.438347
-20061.324219 -26070.056641 -1.265648 0.974189 103.013832
967.427368 32986.875000 1.594017 -0.047239 178.283005
-27634.863281 18231.783203 0.878526 1.328404 118.372429
24752.839844 -22117.691406 -1.059698 -1.184954 199.724213
27210.134766 19183.521484 0.914670 -1.297978 139.747025
32985.628906 -5300.263672 -0.250123 -1.563675 182.064590
-3330.500488 -33333.929688 -1.574578 0.158437 171.993698
-31734.609375 11072.331055 0.521012 1.491911 150.260742
-33344.886719 -4806.267090 -0.224848 1.562413 199.212601
33659.269531 -2970.324219 -0.138035 -1.570503 192.677048
-16688.214844 29497.541016 1.369949 0.776845 161.870544
22056.193359 -25894.138672 -1.196116 -1.018073 126.480232
-27213.199219 -20532.175781 -0.944574 1.252698 151.041428
30911.199219 -14609.647461 -0.670876 -1.415961 191.795639
13902.233398 31358.244141 1.429549 -0.633877 180.249527
34034.476562 -4975.492676 -0.228273 -1.545107 190.043137
-34012.746094 5707.332520 0.232703 1.536937 187.571991
-16630.484375 30344.656250 1.365623 0.745225 161.039368
-34232.132812 5693.703613 0.302101 1.537016 105.734200
-21824.162109 -27106.992188 -1.209157 0.974193 158.053986
18803.251953 -29388.728516 -1.306248 -0.835908 156.717987
15297.712891 -31476.615234 -1.393185 -0.676625 189.943771
34996.214844 -2855.637695 -0.127898 -1.541366 176.231003
20725.525391 28463.994141 1.247859 -0.908951 136.563538
-8910.945312 -34160.964844 -1.491691 0.389627 129.598358
29867.794922 19004.113281 0.825956 -1.299271 147.980698
12951.588867 33050.132812 1.431665 -0.561751 145.734406
9558.464844 -34277.871094 -1.479430 -0.414732 193.126831
-27302.419922 22981.904297 0.988140 1.172966 126.137093
30267.294922 -19127.880859 -0.817394 -1.294485 173.552292
34038.609375 11384.227539 0.484823 -1.449991 137.810776
-34658.777344 9693.539062 0.411627 1.470998 121.926376
-25128.291016 25935.056641 1.094371 1.059728 104.182106
9797.065430 34841.464844 1.465868 -0.412524 102.950378
19901.820312 -30359.771484 -1.272504 -0.832584 117.955421
-26416.773438 25021.781250 1.044996 1.102118 188.944244
9422.411133 -35262.457031 -1.464555 -0.388892 197.981445
14405.606445 -33643.261719 -1.392473 -0.595350 117.060730
28937.083984 -22581.748047 -0.930562 -1.191321 196.442841
-34587.910156 -12558.666016 -0.515251 1.419959 135.340347
7648.673340 -36107.613281 -1.474299 -0.311606 126.430336
31290.146484 -19719.261719 -0.804602 -1.273514 131.583328
11507.134766 -35256.332031 -1.431134 -0.466139 177.279572
34918.937500 12789.514648 0.515926 -1.411324 114.560501
-29196.632812 -23201.869141 -0.933126 1.174765 135.221725
-24204.998047 -28497.468750 -1.141032 0.969842 119.512802
26238.017578 26776.701172 1.068401 -1.047244 157.476852
-36028.394531 -10736.763672 -0.426286 1.431974 136.685898
5353.171387 37310.937500 1.476677 -0.210871 118.179276
-23414.410156 -29679.689453 -1.169742 0.923917 107.691208
-35115.371094 14289.542969 0.561002 1.378254 163.275681
-36307.664062 11184.200195 0.435030 1.423079 141.650681
-38063.812500 -1960.867554 -0.075919 1.481811 132.759979
-31795.228516 -21152.691406 -0.820576 1.234191 112.834579
24064.787109 -29794.466797 -1.152035 -0.929820 118.438019
38280.101562 3094.855225 0.118719 -1.473868 179.168655
23234.394531 30689.185547 1.177028 -0.891595 143.007172
-36818.046875 11603.293945 0.446889 1.403810 155.687988
-7157.125000 -38041.304688 -1.446942 0.272718 110.337921
-21435.585938 32354.457031 1.226033 0.811708 133.094070
4870.872070 38594.039062 1.457900 -0.184693 197.508728
-35564.683594 16035.197266 0.603160 1.336353 141.392654
-32749.281250 21347.099609 0.800203 1.227300 186.672241
-38544.324219 -7119.646484 -0.266390 1.440104 137.529587
39296.304688 648.068909 0.023442 -1.460911 196.915070
-18826.722656 -34605.625000 -1.281880 0.697745 182.784103
33849.109375 -20375.589844 -0.751426 -1.249866 184.080948
-39145.652344 -5948.452637 -0.218106 1.438377 198.787048
-15981.313477 36339.296875 1.331053 0.585197 143.963135
15865.835938 36509.625000 1.331505 -0.579088 116.052040
-15617.427734 -36724.593750 -1.333978 0.566953 150.394119
-31742.654297 -24322.472656 -0.880689 1.150287 173.419708
23468.812500 -32497.546875 -1.173359 -0.846525 116.712143
6582.982422 39654.402344 1.424876 -0.237400 157.550995
8015.585449 -39490.992188 -1.414155 -0.286493 110.496773
27235.455078 29827.169922 1.064156 -0.972279 110.771202
34443.128906 -21278.919922 -0.758303 -1.223018 177.887070
195.422333 40585.496094 1.438147 -0.007287 169.321259
-15133.333008 -37780.980469 -1.333418 0.535552 121.759636
-39570.804688 9954.997070 0.350805 1.390995 153.381485
10842.750977 39425.312500 1.381105 -0.380223 171.878036
-27603.335938 30330.962891 1.047854 0.971895 140.524933
-32389.664062 25277.761719 0.879618 1.125982 100.972885
11905.333984 -39445.753906 -1.366626 -0.411816 185.981857
20251.597656 36001.167969 1.241951 -0.698406 108.386414
-27900.830078 30598.941406 1.060003 0.951988 186.624588
-34727.375000 22726.781250 0.779049 1.189421 199.865036
-38250.785156 16337.390625 0.558514 1.306456 191.114914
34214.476562 -23838.615234 -0.811472 -1.163024 116.062202
-40971.136719 -8213.086914 -0.282575 1.396562 185.044830
-21669.304688 -35870.972656 -1.210835 0.732172 131.156876
-41252.703125 -7833.843262 -0.256958 1.381360 151.907059
-38809.066406 -16292.752930 -0.546207 1.302206 188.688034
19768.851562 37267.445312 1.246077 -0.662000 128.172028
31879.357422 -27785.570312 -0.925910 -1.061489 107.888641
-11168.158203 -40917.894531 -1.356828 0.370738 124.752930
-15219.037109 39697.382812 1.309925 0.507082 161.548996
-34188.468750 -25434.873047 -0.837038 1.126324 102.357803
32315.007812 27890.847656 0.915987 -1.061538 145.966400
23302.830078 35914.726562 1.174183 -0.762361 136.337906
37828.058594 -20216.824219 -0.659998 -1.233510 189.524384
36103.925781 23369.431641 0.758809 -1.172719 155.919937
-5453.459473 42757.414062 1.383376 0.176500 108.944260
-15614.607422 40292.542969 1.303513 0.502312 165.309509
-39343.160156 18118.048828 0.583173 1.263792 182.566681
-38038.128906 20880.132812 0.669846 1.218669 171.212555
-36372.265625 23879.382812 0.763150 1.160044 142.018326
-15074.277344 40923.113281 1.299712 0.475732 172.871048
-28966.675781 32713.720703 1.038275 0.917980 133.091995
-6863.540527 43264.839844 1.367448 0.216468 144.440796
-43889.792969 1062.744873 0.031838 1.382077 160.298935
3707.965576 43832.980469 1.376386 -0.116888 152.544464
28829.125000 -33361.660156 -1.044270 -0.901650 161.702301
6190.370117 -43776.347656 -1.364119 -0.192605 188.745346
2821.179688 -44216.714844 -1.373382 -0.087429 119.655441
44378.851562 -1303.182617 -0.040804 -1.374210 162.819016
25295.369141 -36624.210938 -1.130089 -0.779882 104.860641
-8182.053711 -43845.480469 -1.348404 0.252039 145.645370
42067.792969 15149.351562 0.463973 -1.289105 176.288116
584.680298 -44791.902344 -1.368258 -0.017496 112.851059
-25232.449219 37155.878906 1.130579 0.767455 140.379044
-44990.164062 924.862427 0.029514 1.365749 190.028931
-3421.885742 -44958.128906 -1.360227 0.103906 113.707794
-30459.117188 -33415.671875 -1.006163 0.917191 100.103653
-27209.042969 36206.515625 1.088546 0.817584 177.388535
9777.679688 -44344.246094 -1.327636 -0.292350 153.451065
-29667.822266 -34511.789062 -1.029912 0.885929 153.044189
9025.432617 44692.242188 1.330001 -0.269002 137.716904
31205.037109 33370.566406 0.989875 -0.925763 109.827011
-45628.226562 3860.488525 0.114602 1.348398 115.340912
-43285.417969 15280.635742 0.450702 1.275097 190.596527
41694.734375 -19431.746094 -0.570431 -1.224678 125.118233
45122.085938 9466.818359 0.276784 -1.320754 174.825974
45754.519531 6436.162598 0.227465 -1.331920 148.663986
12069.342773 44696.921875 1.301068 -0.351200 111.941803
45963.167969 6449.246094 0.145902 -1.334017 147.226105
34768.113281 -30877.125000 -0.892424 -1.004115 125.729454
13314.327148 44668.835938 1.284850 -0.383290 189.470169
-10437.234375 45532.949219 1.306535 0.299466 111.319290
-46775.636719 1094.990112 0.032545 1.338999 124.368813
35979.222656 30062.865234 0.857637 -1.026708 173.059540
-33204.437500 -33254.101562 -0.945196 0.944421 117.690407
-7941.407227 46411.421875 1.315660 0.224598 110.805870
42626.410156 -20269.972656 -0.573759 -1.203346 114.108246
-29284.160156 37149.652344 1.046866 0.824007 116.342873
-19466.427734 43205.253906 1.213613 0.546303 137.165176
17116.125000 -44304.726562 -1.240007 -0.479989 139.394196
-20948.109375 -42734.484375 -1.192106 0.584752 127.890549
-29358.820312 -37589.476562 -1.045260 0.817048 148.299606
4441.170898 -47596.515625 -1.319210 -0.122605 176.909515
12248.606445 -46302.480469 -1.279734 -0.338119 126.571297
43550.437500 20184.189453 0.555752 -1.199836 137.664017
39808.464844 27004.939453 0.741378 -1.092943 100.216599
-37707.472656 -30035.968750 -0.821801 1.032118 127.936852
3304.794922 48199.671875 1.314845 -0.090494 120.928421
-26741.531250 40334.585938 1.097883 0.727060 156.579834
-13703.882812 -46529.894531 -1.261624 0.371878 188.342163
47117.597656 -11969.481445 -0.323633 -1.273353 169.259583
-23471.904297 42668.824219 1.150447 0.632252 137.049026
45667.207031 -17179.730469 -0.462123 -1.227411 101.537468
-11165.800781 47607.871094 1.275586 0.298388 178.065842
17152.339844 -45911.632812 -1.224240 -0.458033 157.230682
-45151.808594 19319.343750 0.514692 1.201305 164.150208
13600.763672 47272.125000 1.255667 -0.360601 173.650406
31774.316406 37689.207031 0.996275 -0.839480 134.395233
-46287.437500 17294.970703 0.457000 1.220903 158.326523
31098.921875 38523.144531 1.013959 -0.818776 192.670349
36265.203125 33837.667969 0.887229 -0.951215 163.156189
-43588.601562 -23900.617188 -0.625351 1.139408 159.254196
18153.804688 -46385.730469 -1.209660 -0.472204 192.283676
-16905.607422 46954.460938 1.219299 0.438948 186.613419
22110.951172 44836.898438 1.161964 -0.573408 115.302979
47527.914062 15882.858398 0.409922 -1.227511 196.042755
14066.399414 48192.574219 1.240016 -0.364622 139.638611
-45862.429688 -20691.085938 -0.530735 1.177230 160.198807
-50386.335938 1228.206421 0.031519 1.290898 174.066208
-18078.892578 47152.347656 1.205378 0.460747 118.406006
19407.792969 -46717.140625 -1.191492 -0.493397 132.612381
-19295.634766 -46891.132812 -1.189484 0.489803 144.575867
-44757.304688 -24037.275391 -0.606556 1.132709 102.596115
70.297295 50899.636719 1.284350 -0.001823 183.582611
-50956.761719 2198.629395 0.056688 1.280063 114.106644
-36849.781250 35406.500000 0.888097 0.923790 131.832245
51214.621094 -209.364548 -0.005579 -1.280229 136.975998
50053.902344 -11252.564453 -0.280988 -1.247860 157.474762
-51204.000000 -4431.011719 -0.109832 1.273141 114.256943
51375.480469 -3587.323975 -0.089196 -1.273362 163.902390
42442.636719 29364.414062 0.725484 -1.048817 194.753250
14573.029297 -49597.097656 -1.222319 -0.358855 176.069122
-45074.699219 25513.912109 0.626853 1.107863 144.899017
43146.312500 -28826.117188 -0.706709 -1.057356 102.780403
-49651.742188 -15429.428711 -0.377357 1.213805 127.779129
30600.947266 42170.707031 1.032129 -0.746453 177.125870
31108.722656 41935.718750 1.012306 -0.751602 114.970833
-516.020630 -52299.187500 -1.266584 0.012736 114.964417
44293.964844 28008.181641 0.676324 -1.069914 111.501862
-39484.218750 -34594.179688 -0.833209 0.951221 162.909683
-51380.179688 11232.638672 0.270263 1.234008 161.858231
4137.997559 -52523.785156 -1.258752 -0.101110 171.503693
45322.410156 27087.212891 0.645785 -1.081663 151.100281
1873.876221 52867.781250 1.258285 -0.045056 192.931656
-50998.179688 -14462.989258 -0.342562 1.210259 183.611252
27811.494141 45236.855469 1.071080 -0.658923 138.442047
31238.937500 43070.714844 1.015581 -0.740270 153.466766
-12462.518555 -51834.195312 -1.219999 0.293471 168.324051
-46442.160156 26386.685547 0.620025 1.089293 143.212692
3959.548096 -53357.031250 -1.248425 -0.089478 152.198914
50550.703125 17797.154297 0.415243 -1.180635 113.688728
42178.464844 33258.875000 0.773786 -0.981652 160.294495
-42002.445312 -33617.324219 -0.779926 0.974979 136.592087
35163.445312 40845.835938 0.945610 -0.814052 145.177628
50622.097656 -18776.146484 -0.433941 -1.169076 169.633713
-53589.890625 -7437.749023 -0.170874 1.233721 124.067009
-19.921413 54189.507812 1.244846 -0.000319 140.309738
37737.125000 39057.660156 0.893721 -0.863913 155.337891
39563.132812 37327.917969 0.852067 -0.903500 126.626228
-2810.249512 -54436.257812 -1.239004 0.064369 168.431702
54263.242188 -6169.263184 -0.140441 -1.231624 144.656708
50518.152344 -20978.787109 -0.475350 -1.143348 150.054489
-45135.378906 31098.654297 0.702435 1.018774 160.694168
16782.773438 -52267.093750 -1.182038 -0.384998 121.474762
53904.742188 10853.074219 0.244337 -1.209774 135.176682
-33076.140625 -44059.847656 -0.986981 0.741318 129.579056
16499.763672 -52682.269531 -1.173088 -0.363603 181.807755
-37212.156250 -40896.261719 -0.912246 0.828931 106.833611
44532.574219 -32955.324219 -0.732183 -0.989264 119.621025
-21415.945312 -51191.644531 -1.134184 0.474720 131.671875
-42374.351562 -36003.277344 -0.794975 0.936706 105.895851
35392.476562 42996.046875 0.947964 -0.780636 104.151169
54506.800781 11976.891602 0.262627 -1.198583 197.941528
-40760.664062 38274.300781 0.838575 0.892693 138.367203
-49416.281250 26332.640625 0.576388 1.080185 118.359856
-15754.333984 -53845.605469 -1.173839 0.343270 121.530746
-43462.285156 35625.714844 0.774282 0.945260 186.321899
-38581.781250 -41001.324219 -0.888186 0.836508 166.200104
37144.496094 42448.664062 0.917041 -0.803598 129.489410
-25742.875000 50277.839844 1.084823 0.556341 119.402489
54928.886719 -13597.686523 -0.293036 -1.182057 188.138275
46122.640625 32958.082031 0.706907 -0.989958 149.385498
31100.787109 -47513.855469 -1.017321 -0.665709 163.438644
17883.035156 -54015.878906 -1.153625 -0.380668 166.889816
43550.406250 36781.707031 0.782870 -0.927011 104.916618
-11584.293945 -55923.664062 -1.187217 0.246302 147.152771
35897.199219 44542.261719 0.942739 -0.761231 117.665291
-38057.722656 -42831.386719 -0.904590 0.804877 156.763916
-25527.042969 51417.652344 1.082671 0.536121 119.786507
-27344.337891 50594.832031 1.063771 0.574063 133.359314
-45140.878906 35790.683594 0.751154 0.945787 165.914062
-57692.179688 274.426178 0.006113 1.205972 162.107422
-49833.613281 -29305.332031 -0.610589 1.038849 171.993912
54606.554688 19254.869141 0.400097 -1.135537 156.267670
-15727.181641 -55830.312500 -1.157932 0.326840 136.403473
-51863.613281 -26159.626953 -0.541055 1.073197 147.578003
-19949.142578 54666.433594 1.128315 0.411514 119.370331
-18472.904297 -55306.453125 -1.137719 0.380283 133.588196
-44265.917969 38071.398438 0.782187 0.908136 197.065231
-7015.824219 58073.316406 1.189173 0.143364 129.422440
57348.828125 11974.334961 0.243965 -1.171618 162.331726
-14596.056641 56860.519531 1.158058 0.296972 101.688919
24432.726562 53478.898438 1.086575 -0.496709 151.645187
-2902.540771 -58841.050781 -1.192064 0.059247 110.142075
-35321.562500 47250.773438 0.955449 0.714189 115.546761
-54017.238281 23997.095703 0.484192 1.088760 186.219101
-21338.744141 -55235.035156 -1.110087 0.429159 143.689850
-58954.125000 -6338.288574 -0.127011 1.182792 174.280914
-57477.179688 -14962.005859 -0.299098 1.150329 144.192413
47568.753906 -35744.230469 -0.713087 -0.949630 182.913742
51035.167969 -30764.132812 -0.613104 -1.016598 109.847374
-56634.468750 -18855.386719 -0.374341 1.125109 113.131615
50133.234375 -32610.759766 -0.646166 -0.992793 142.151947
28257.449219 -52826.738281 -1.044742 -0.559077 160.347031
45636.687500 38973.917969 0.767164 -0.897699 134.606674
41652.523438 -43338.863281 -0.851728 -0.819008 169.847504
27429.759766 -53580.039062 -1.050385 -0.538507 113.222275
45224.156250 39863.554688 0.780891 -0.887092 182.396301
-42661.757812 42754.667969 0.834657 0.832176 134.133484
54531.132812 -26188.093750 -0.510185 -1.061626 188.220322
47486.703125 37642.050781 0.730507 -0.921867 178.016129
-19112.953125 57612.730469 1.116080 0.369773 169.434998
60640.839844 4574.544922 0.088983 -1.172144 124.584320
27255.216797 -54461.929688 -1.049333 -0.523039 115.458023
15769.531250 -58938.441406 -1.132919 -0.302785 198.323761
-44111.121094 -42281.660156 -0.810589 0.846210 109.585007
46747.945312 -39507.515625 -0.755935 -0.893992 196.819778
49129.246094 -36662.417969 -0.700658 -0.937272 179.398407
-36038.179688 49725.328125 0.946812 0.685621 190.909088
-41999.531250 -44936.082031 -0.853084 0.798021 128.417038
61482.957031 3816.701416 0.071270 -1.164192 121.344742
-61200.703125 -7771.589355 -0.146391 1.157280 132.023895
-59027.324219 18300.970703 0.345517 1.114058 162.143433
61708.917969 -4909.763184 -0.092587 -1.160709 163.348541
42152.125000 -45471.046875 -0.853161 -0.790162 145.781296
-58970.988281 19483.660156 0.364989 1.102311 124.988457
32799.265625 52855.968750 0.986828 -0.612655 187.189133
-20162.121094 -58946.546875 -1.098117 0.376017 176.073166
-55567.929688 -28381.880859 -0.527192 1.033015 165.921478
-31826.953125 53795.183594 0.997477 0.589632 100.926506
44179.605469 -44366.265625 -0.821031 -0.816713 164.001953
48476.355469 39752.050781 0.732870 -0.895275 164.995209
-53205.691406 -33379.644531 -0.614077 0.979388 117.037895
10212.502930 62063.957031 1.139889 -0.187583 162.281952
34314.191406 -52849.671875 -0.968039 -0.628694 161.074387
-59283.187500 -21583.267578 -0.394269 1.083828 148.021896
4878.139160 62997.363281 1.149134 -0.089219 192.971970
-14425.762695 -61643.664062 -1.121158 0.262723 109.146889
51577.093750 36867.167969 0.668527 -0.936040 178.942963
7025.687500 -63109.316406 -1.142748 -0.127577 136.493652
-37257.476562 -51530.257812 -0.930833 0.673342 170.019287
38464.187500 -50785.359375 -0.915173 -0.692922 157.536011
-28040.966797 -57321.593750 -1.029801 0.504022 168.478790
42051.507812 48114.972656 0.863017 -0.754327 127.431976
60686.433594 20294.669922 0.364740 -1.081141 149.853592
13276.105469 62714.445312 1.119191 -0.237156 134.067368
-1689.738037 64180.050781 1.142979 0.029843 189.658325
60846.648438 20803.863281 0.368088 -1.086447 113.446251
-64282.531250 -3865.010254 -0.068149 1.139451 184.829544
63773.835938 -9713.977539 -0.171928 -1.127666 194.717300
56005.781250 32195.878906 0.567790 -0.988186 171.526535
34402.460938 -54781.253906 -0.964792 -0.605114 136.602020
6607.651855 -64470.589844 -1.131781 -0.114972 121.967636
-26245.742188 59341.730469 1.040278 0.459684 189.766815
-64308.070312 9470.378906 0.165829 1.124077 103.348083
48112.960938 43871.046875 0.764742 -0.838957 108.492752
-24821.466797 -60299.726562 -1.049396 0.431202 130.189270
-38378.085938 52847.488281 0.917540 0.665662 155.626755
20644.984375 -62064.382812 -1.075079 -0.357809 160.878403
-48447.679688 -44089.890625 -0.761551 0.837397 111.865662
43609.605469 49002.843750 0.844343 -0.752539 109.515053
9841.286133 64967.660156 1.117476 -0.169773 117.828529
65775.460938 1172.336304 0.020023 -1.129130 101.801315
62184.984375 21851.140625 0.373367 -1.064861 178.471298
-52663.414062 -39803.914062 -0.679740 0.899641 110.120422
-66026.617188 2805.197510 0.048136 1.125782 157.823074
-12449.838867 65013.824219 1.105782 0.211861 169.601151
19944.789062 63241.371094 1.073028 -0.338366 138.426620
65263.121094 -12233.814453 -0.207526 -1.104686 173.446381
-25509.542969 -61416.523438 -1.036727 0.431941 153.603378
48670.644531 45470.605469 0.765864 -0.820999 115.391266
57878.394531 -33174.351562 -0.558077 -0.972964 128.829346
61286.035156 -26606.351562 -0.446238 -1.028040 151.453613
39387.417969 -54083.699219 -0.905675 -0.658938 151.742859
20310.021484 -63856.703125 -1.066489 -0.338414 157.129074
33325.488281 -58234.785156 -0.970788 -0.555437 117.465828
32852.710938 58607.253906 0.974801 -0.546666 166.820496
62473.605469 25022.912109 0.415060 -1.037062 194.851395
-62492.289062 -25222.988281 -0.417377 1.034486 115.004791
28519.800781 61186.476562 1.010446 -0.471083 112.110214
53345.761719 -41539.511719 -0.684810 -0.879031 180.884964
15812.122070 -65817.562500 -1.082446 -0.259886 192.855606
-21619.781250 -64266.437500 -1.054426 0.355066 184.624130
-53382.152344 41946.964844 0.687260 0.874159 178.158188
24716.269531 63357.683594 1.034974 -0.403517 163.224579
-62418.953125 -27263.886719 -0.444086 1.017559 143.171402
-44636.687500 -51568.218750 -0.838471 0.726217 126.491402
57220.984375 37294.664062 0.604921 -0.928829 143.373840
-13453.177734 67070.781250 1.086159 0.217348 149.445480
68436.734375 3162.490479 0.051990 -1.105255 105.584717
51892.007812 -44875.085938 -0.723428 -0.836426 123.657219
64661.867188 23212.388672 0.372659 -1.040275 113.178024
-5632.897949 -68566.773438 -1.100696 0.090591 191.975677
63518.363281 -26671.597656 -0.427929 -1.017651 161.851501
-17996.150391 -66622.421875 -1.064728 0.287817 101.276764
-39243.152344 -56866.421875 -0.906900 0.626131 120.371910
-7847.696777 68754.257812 1.094127 0.124599 176.959991
33524.316406 -60667.332031 -0.963646 -0.532987 140.642181
-66871.835938 -18557.572266 -0.293812 1.059597 149.845078
-49715.527344 48566.121094 0.767979 0.785752 178.015076
69080.718750 8544.169922 0.134582 -1.089870 178.755524
-58766.320312 -37499.328125 -0.590024 0.924903 167.457703
69719.820312 3520.990234 0.054554 -1.095133 172.950958
18718.337891 67344.187500 1.055946 -0.293666 146.688889
68001.468750 16599.628906 0.260458 -1.064203 140.414352
-22021.093750 66555.789062 1.038856 0.343430 111.256424
33191.156250 -61854.429688 -0.963328 -0.515550 176.680939
17458.330078 -68107.390625 -1.058373 -0.270791 103.508385
1679.683838 70373.976562 1.091581 -0.026341 186.590164
3443.832764 -70403.218750 -1.089840 -0.053008 140.931061
-70555.648438 -2801.083740 -0.042925 1.089297 178.641312
-53491.320312 46232.023438 0.712757 0.824096 180.605850
27456.064453 65252.261719 1.002972 -0.422165 139.680313
-56065.914062 -43410.542969 -0.666038 0.860507 140.488800
69143.078125 16084.750977 0.245085 -1.058573 161.189499
-33856.164062 -62513.902344 -0.955353 0.517629 165.006989
63253.339844 32656.746094 0.497927 -0.964934 195.112671
53888.851562 -46667.371094 -0.710604 -0.819777 177.997955
23691.480469 67368.765625 1.023760 -0.359781 157.036667
-15905.302734 69703.476562 1.056483 0.240641 181.674301
37253.882812 61131.777344 0.925920 -0.563574 157.495560
-15943.952148 -69918.281250 -1.054843 0.240793 108.157677
71764.617188 -2080.688965 -0.031594 -1.080676 146.838669
-2883.556152 -71849.320312 -1.079600 0.043647 165.514221
57104.015625 -43845.917969 -0.657929 -0.856253 126.035835
38271.070312 61122.089844 0.912360 -0.572502 129.680267
25496.904297 67562.382812 1.025366 -0.378325 196.819427
-4194.027344 72185.445312 1.075538 0.062143 104.413330
25855.029297 67619.375000 0.987502 -0.387828 193.104141
-70877.703125 -15197.316406 -0.225294 1.051956 112.736923
-38177.671875 -61758.082031 -0.912861 0.563694 141.326782
-59799.921875 -41357.503906 -0.611215 0.883412 157.629211
65333.308594 -32098.037109 -0.473725 -0.963522 129.101944
-37692.683594 -62413.285156 -0.919597 0.556912 128.695908
72787.984375 5422.228516 0.079678 -1.072158 103.100006
72958.109375 4533.692383 0.065635 -1.068007 192.728592
70731.054688 -18841.970703 -0.275804 -1.034554 108.838074
-27900.865234 -67781.429688 -0.989308 0.407617 128.109406
73160.343750 -5890.036133 -0.086033 -1.065809 154.050980
58381.093750 44654.328125 0.648896 -0.848875 173.252945
20441.416016 -70718.351562 -1.025858 -0.296131 126.646370
-67134.382812 -30408.728516 -0.440076 0.971979 192.872574
26628.839844 -68838.281250 -0.994340 -0.384533 152.537399
-20561.962891 -70968.734375 -1.023852 0.296695 145.321152
47773.679688 -56497.585938 -0.813414 -0.687705 111.712624
-29625.164062 67905.585938 0.975679 0.425353 112.901329
-6083.803223 -73939.460938 -1.059940 0.087618 113.894234
21617.472656 71083.085938 1.017780 -0.307946 109.804024
-60295.027344 -43611.136719 -0.622241 0.861286 178.628647
52973.539062 52391.707031 0.746298 -0.754599 177.404785
69087.312500 28180.234375 0.400419 -0.981910 187.806732
-66534.648438 -33984.425781 -0.481968 0.944104 167.330063
-54542.566406 51183.796875 0.725013 0.772123 124.132431
-73735.093750 13219.901367 0.186839 1.041932 105.052528
-62185.589844 -41953.667969 -0.590744 0.876920 175.604568
-46216.757812 -59180.250000 -0.832999 0.650856 161.824402
15401.341797 -73598.703125 -1.034036 -0.216146 193.392258
22074.937500 71986.765625 1.008776 -0.311063 167.127594
39313.324219 64327.132812 0.900051 -0.550517 187.443756
46243.367188 -59696.250000 -0.833240 -0.645387 147.444839
29564.498047 -69589.210938 -0.969285 -0.414058 159.867798
-22602.867188 -72245.625000 -1.004511 0.314796 166.039398
56812.734375 50188.675781 0.696302 -0.788672 123.588852
75370.453125 -9015.576172 -0.125229 -1.043921 161.618103
74119.437500 -16803.111328 -0.232609 -1.024711 108.823051
67258.414062 35578.722656 0.490844 -0.928590 168.303711
-36167.917969 67054.820312 0.923804 0.498025 132.788666
-33353.585938 -68631.304688 -0.943958 0.458873 111.115974
29758.310547 -70369.320312 -0.966108 -0.405054 131.395081
-12672.783203 -75430.640625 -1.033049 0.173775 147.676926
-76406.546875 -5516.758789 -0.075072 1.043982 133.214462
75544.070312 -13236.489258 -0.180863 -1.030292 114.654053
-34856.765625 -68436.984375 -0.930712 0.474710 184.868271
-69188.679688 33542.187500 0.455912 0.939978 196.394516
71030.609375 -29709.906250 -0.403126 -0.963102 194.553925
70831.937500 30486.751953 0.412047 -0.958538 191.059143
54283.382812 54883.250000 0.741033 -0.733657 198.811462
48517.625000 -60173.402344 -0.811594 -0.653693 131.705154
-75555.750000 16824.695312 0.226357 1.016206 199.544220
-74211.726562 -22304.335938 -0.299378 0.996614 180.957306
11326.196289 76769.679688 1.028806 -0.151465 153.349213
-70927.601562 -31739.324219 -0.424131 0.948569 104.526657
48253.531250 61029.042969 0.814600 -0.644377 101.819717
-40051.664062 66814.859375 0.890525 0.533475 169.360809
-58000.414062 -52150.359375 -0.693370 0.771566 112.202492
-68349.554688 -37778.746094 -0.501227 0.907576 105.949310
54201.496094 -56361.828125 -0.746958 -0.718080 112.425674
-12263.542969 77337.992188 1.022485 0.161880 125.023849
78291.507812 -4209.147461 -0.055920 -1.033106 110.871422
30987.148438 72123.945312 0.949765 -0.408503 157.412140
-19144.142578 -76248.296875 -1.002256 0.251718 112.090858
-58449.507812 52679.523438 0.691593 0.766808 134.775360
64859.273438 -44728.015625 -0.586053 -0.849645 191.505051
-60495.910156 50661.378906 0.662532 0.790609 105.868767
33296.523438 -71652.273438 -0.934286 -0.434781 139.484619
42152.742188 66947.609375 0.871160 -0.548752 101.175674
-79014.390625 5213.732422 0.067941 1.027388 159.245621
52116.691406 59760.960938 0.775153 -0.676446 146.483124
13473.901367 -78245.203125 -1.013172 -0.174318 174.004166
10659.891602 78796.265625 1.018383 -0.138140 173.203812
18200.232422 77479.070312 0.999629 -0.234851 191.758987
3402.493164 79625.906250 1.025415 -0.043884 162.884155
-20482.537109 77122.570312 0.991147 0.263136 101.233353
78166.265625 16541.494141 0.211941 -1.002680 191.674850
63685.898438 -48431.691406 -0.620164 -0.815051 130.603180
34028.839844 -72523.296875 -0.927640 -0.433486 112.572250
53906.257812 -59378.117188 -0.757623 -0.687289 128.641205
40694.019531 69238.539062 0.881280 -0.518323 177.621521
-72381.867188 -35008.515625 -0.444469 0.919980 191.218353
-76188.046875 -25978.792969 -0.329254 0.966600 168.975922
-45821.613281 -66299.656250 -0.839399 0.580235 191.851532
64304.214844 48779.375000 0.615948 -0.812424 113.194389
-79124.203125 16433.576172 0.207494 0.997548 137.531158
62402.906250 -51500.589844 -0.648409 -0.785171 166.681534
-21066.734375 -78201.156250 -0.982666 0.265099 170.006363
-78816.148438 -19080.705078 -0.239144 0.988648 159.708115
78604.429688 -20371.146484 -0.255356 -0.984035 141.736115
46360.886719 -66779.718750 -0.834762 -0.579182 128.516006
-80283.515625 13389.795898 0.167217 1.001598 145.071671
40377.371094 -70809.906250 -0.881657 -0.502450 102.274513
63077.492188 51783.281250 0.643251 -0.784040 157.536682
81358.960938 7610.200195 0.094171 -1.008959 122.949036
74465.421875 -33843.742188 -0.419364 -0.921965 133.286942
8560.585938 -81437.226562 -1.006467 -0.105764 180.055435
68430.648438 -45192.554688 -0.557868 -0.844036 169.123306
37861.472656 72842.500000 0.897020 -0.466705 139.975174
-12311.588867 -81279.906250 -0.999155 0.151526 193.786697
77373.093750 28006.523438 0.343414 -0.948811 189.803513
-23581.820312 78952.382812 0.967100 0.288611 174.508743
11864.725586 81642.039062 0.998323 -0.145554 121.906525
73247.109375 38151.035156 0.465570 -0.894282 105.200699
77319.554688 29325.261719 0.357032 -0.943239 116.150253
-71030.226562 42558.585938 0.517463 0.863419 117.639343
-76580.414062 31741.242188 0.385404 0.929369 110.901314
44002.167969 70362.773438 0.852273 -0.533505 187.611038
-82535.476562 9676.352539 0.116495 0.998204 178.371689
15871.060547 81671.023438 0.984747 -0.189260 195.755493
3926.596680 83203.414062 1.003045 -0.047573 168.403687
-17665.953125 -81495.765625 -0.980404 0.212872 173.937790
19340.351562 81223.898438 0.975355 -0.232219 103.576157
-18052.683594 81624.187500 0.978353 0.216119 126.294708
-71812.984375 -42997.242188 -0.514120 0.859347 133.944977
15553.543945 82350.351562 0.985137 -0.189893 139.721329
-47222.250000 -69360.906250 -0.826594 0.563237 181.154953
16172.576172 -82434.632812 -0.981030 -0.192309 124.927353
-29407.634766 78790.406250 0.936095 0.349252 141.044907
10693.282227 -83516.273438 -0.990130 -0.126442 189.215744
56815.687500 62262.425781 0.736827 -0.672897 111.175949
5833.901855 84208.937500 0.994445 -0.069475 135.441544
-77632.257812 -33399.148438 -0.393504 0.915563 107.084206
79094.179688 -29992.779297 -0.353442 -0.931295 128.378448
-84152.468750 9615.436523 0.113844 0.989160 156.860947
27332.585938 80287.179688 0.941437 -0.320770 115.480736
84050.765625 12025.458984 0.140641 -0.984191 137.524750
-14287.454102 -83804.898438 -0.979369 0.167472 103.048439
22214.304688 82145.195312 0.957862 -0.259223 181.175079
-50128.816406 -68883.437500 -0.802097 0.584225 111.879868
13863.587891 -84161.992188 -0.978821 -0.160764 188.949478
-53775.593750 -66351.382812 -0.769893 0.624249 102.187431
-82412.750000 -22802.691406 -0.263966 0.954895 126.102463
-22772.808594 -82502.109375 -0.954372 0.263829 182.601105
20741.787109 83156.914062 0.960392 -0.240380 176.884048
65401.332031 55550.765625 0.639936 -0.754004 125.101562
38596.957031 -76729.507812 -0.883236 -0.443964 144.892975
19253.511719 -83808.523438 -0.963042 -0.220844 147.159607
46832.128906 72232.054688 0.828028 -0.537511 119.512497
-76213.398438 40250.546875 0.461021 0.872456 140.323334
25934.107422 -82296.757812 -0.940633 -0.296168 105.347595
-84932.320312 -15786.470703 -0.179858 0.968903 182.988998
-42009.949219 75607.132812 0.861207 0.478267 147.185318
-74758.382812 43690.664062 0.496930 0.849675 101.512726
78515.039062 36802.839844 0.417722 -0.890661 172.265915
62485.539062 -60233.117188 -0.682644 -0.707763 193.389877
80361.359375 33080.011719 0.373689 -0.908637 104.605934
-14332.184570 85798.585938 0.968886 0.161591 187.069031
-28149.386719 82418.757812 0.929033 0.316989 165.706512
-82442.968750 28424.855469 0.319896 0.927387 181.563309
-86716.875000 10133.823242 0.114351 0.973921 123.855133
-84964.578125 -20497.195312 -0.229432 0.952558 103.757942
53515.718750 -69208.656250 -0.774810 -0.599079 156.713272
87579.484375 -1133.366333 -0.012784 -0.978735 189.805344
74078.546875 -46958.937500 -0.523899 -0.826032 131.412582
78579.648438 39181.015625 0.436167 -0.875301 138.395935
-34737.007812 -80753.210938 -0.897390 0.386356 126.236153
10448.018555 -87381.382812 -0.969506 -0.115395 132.457977
84105.937500 26203.060547 0.290012 -0.931902 160.109848
-11208.727539 -87472.867188 -0.967671 0.124367 190.366867
-86207.703125 19086.824219 0.210927 0.951718 135.108871
86735.304688 17055.939453 0.187770 -0.956125 183.285370
80533.632812 36727.320312 0.403167 -0.885927 137.083755
64436.574219 60825.109375 0.667829 -0.707973 122.606514
70085.546875 -54349.574219 -0.596343 -0.768505 122.454742
-70484.492188 -54014.261719 -0.591507 0.771717 113.512482
-56305.980469 68807.617188 0.751992 0.615139 120.881310
88566.359375 -8663.324219 -0.094754 -0.966360 189.454178
-9810.814453 88565.234375 0.964672 0.106680 166.390717
-59350.730469 66594.867188 0.724372 0.645268 171.203415
-26217.062500 -85380.148438 -0.926451 0.284898 144.215591
79049.093750 41777.121094 0.452483 -0.857135 190.774857
88852.343750 10668.711914 0.115173 -0.961641 193.870193
56352.007812 -69657.398438 -0.752913 -0.608626 100.686920
89428.617188 7024.724121 0.076382 -0.963895 112.737762
-85421.093750 -27726.898438 -0.298418 0.919182 102.288643
-52925.605469 72687.843750 0.781114 0.568543 162.729446
-88884.453125 14197.019531 0.151348 0.953183 198.666092
27454.849609 85815.953125 0.919064 -0.294365 197.167618
43380.335938 -79074.992188 -0.845931 -0.463720 123.940559
33462.324219 -83877.148438 -0.895956 -0.357631 160.548203
-64361.300781 -63484.996094 -0.681677 0.685784 130.845673
32284.072266 -84547.164062 -0.898565 -0.342832 138.590942
17728.503906 88849.765625 0.943855 -0.188760 140.497253
54772.265625 -72301.117188 -0.766901 -0.580443 126.369972
-64901.421875 -63509.800781 -0.666869 0.687430 127.621658
-72833.187500 -54380.304688 -0.574471 0.770129 182.648254
-89915.257812 13970.339844 0.149777 0.949426 117.685913
90792.523438 7397.871582 0.076917 -0.956766 165.192612
-6918.048340 90937.945312 0.956462 0.072475 185.278198
87363.976562 -26480.000000 -0.278335 -0.917583 168.309540
-86462.953125 -29627.001953 -0.310314 0.906721 149.395508
77062.531250 49349.335938 0.516395 -0.806415 111.821465
-60518.031250 -68750.609375 -0.719741 0.633137 192.671173
-32366.427734 85797.929688 0.895294 0.337439 114.551163
91795.585938 1487.157959 0.015135 -0.956000 199.916153
-41578.726562 81959.148438 0.852397 0.432229 162.278625
-61480.871094 -68451.445312 -0.708236 0.637752 122.519913
78984.679688 -47363.894531 -0.491125 -0.818630 170.094177
-84453.617188 36975.000000 0.382604 0.873817 171.392151
-85876.421875 -33868.453125 -0.349608 0.887220 197.617233
92322.718750 -3741.112793 -0.038909 -0.952140 192.985016
35957.574219 -85226.890625 -0.878003 -0.371132 148.270355
89861.335938 22353.617188 0.229519 -0.923967 157.343445
-91361.046875 -15722.930664 -0.161073 0.937655 120.891212
-24223.326172 89586.812500 0.917974 0.247919 151.651398
68901.453125 -62303.320312 -0.637711 -0.704798 151.912674
-54075.613281 -75662.359375 -0.772729 0.552620 184.404449
83831.593750 40474.472656 0.412383 -0.855219 147.792862
-52046.078125 77328.914062 0.787336 0.529516 139.245499
-28967.187500 88701.625000 0.901607 0.294077 182.702942
-61.849812 -93409.242188 -0.947707 0.000832 138.713364
-38855.671875 85037.093750 0.861777 0.393445 138.122467
35972.292969 -86423.093750 -0.874848 -0.363354 119.521179
-89679.507812 27108.681641 0.274084 0.905964 123.406769
78255.578125 51720.246094 0.521400 -0.789386 176.149200
-57584.816406 74155.406250 0.747015 0.579615 105.370148
51521.382812 -78638.984375 -0.790413 -0.517522 193.717865
92303.640625 18289.341797 0.183152 -0.926370 158.878250
85986.343750 -38494.113281 -0.384236 -0.863053 166.043945
35582.125000 -87334.015625 -0.873126 -0.353815 100.493118
-68793.187500 -64624.285156 -0.645227 0.687435 130.535324
80084.679688 -50161.878906 -0.500521 -0.798290 105.566048
15094.746094 -93391.539062 -0.929801 -0.149942 137.406769
55125.152344 -77014.875000 -0.765778 -0.547636 118.728645
-87924.906250 35452.566406 0.351952 0.872524 164.082855
-90622.679688 -28185.953125 -0.278933 0.897903 173.385544
-95000.585938 -660.630798 -0.006561 0.939866 108.915329
86519.804688 -39453.328125 -0.390127 -0.852694 193.192139
3273.062744 -95154.351562 -0.938375 -0.031937 196.310150
-79216.132812 52999.710938 0.521828 0.780118 189.661499
-89498.781250 33003.386719 0.324885 0.880237 170.863434
61981.242188 -72642.757812 -0.713440 -0.608274 132.900940
-94579.382812 13950.541016 0.136885 0.927037 124.044403
-43403.187500 85300.945312 0.834875 0.424301 101.637245
87734.835938 -38467.093750 -0.377474 -0.857757 186.570694
-78367.945312 -55256.691406 -0.538794 0.764739 130.496140
30545.529297 91002.343750 0.886306 -0.297818 185.326263
-73129.937500 62331.851562 0.606383 0.711047 135.465500
7563.532227 95891.148438 0.931206 -0.073663 128.706726
80571.570312 52718.117188 0.510583 -0.781576 104.295418
-1303.899414 96398.328125 0.928182 0.021280 144.934525
-94509.679688 19433.394531 0.188132 0.913397 189.337418
90319.406250 34246.054688 0.330138 -0.871618 175.626541
48866.613281 -83438.234375 -0.804045 -0.470472 123.323105
-1508.446045 96778.734375 0.935465 0.006165 155.833862
-79842.445312 54906.703125 0.527676 0.766087 149.308014
-59510.613281 -76593.671875 -0.734284 0.570986 109.115730
40004.597656 -88483.210938 -0.847382 -0.382599 128.974854
93078.164062 -28056.140625 -0.268461 -0.889559 167.763626
96904.546875 -8608.237305 -0.082500 -0.925026 191.526001
-13920.813477 -96399.906250 -0.918864 0.132749 100.755089
28546.630859 -93223.562500 -0.887153 -0.271457 125.986214
75876.773438 61370.515625 0.583038 -0.721285 172.785431
-89672.343750 38774.441406 0.368080 0.850679 178.559494
-68013.937500 -70295.757812 -0.665415 0.644385 162.037064
68998.289062 69448.968750 0.656596 -0.652709 187.300980
-96910.085938 14574.723633 0.138231 0.915080 127.736801
40683.199219 89276.117188 0.841513 -0.383639 192.259842
44814.839844 87376.812500 0.822396 -0.421951 174.062256
24364.599609 95229.234375 0.895891 -0.229401 169.454178
-33439.613281 -92540.570312 -0.868463 0.314095 168.097107
88207.015625 43849.718750 0.410526 -0.826691 140.854492
25766.041016 95170.546875 0.889509 -0.241409 120.627258
-87784.890625 -45095.457031 -0.421179 0.820419 131.459839
-98803.007812 -1053.661011 -0.011239 0.919960 174.989441
86879.281250 -47267.460938 -0.440526 -0.809015 137.786804
-89935.257812 41415.886719 0.385311 0.835708 150.348022
11472.672852 98444.546875 0.913927 -0.106842 197.999405
-25245.105469 -95937.296875 -0.889434 0.234331 116.206413
79452.320312 59553.425781 0.551054 -0.735837 133.675797
-99399.523438 -1707.141602 -0.013756 0.920814 154.702972
51542.003906 85106.054688 0.785315 -0.475926 124.222458
-94449.585938 -31622.068359 -0.291081 0.870531 131.571686
-15470.129883 -98504.726562 -0.906195 0.142748 152.377182
-99052.234375 -12234.718750 -0.112155 0.910107 109.962074
38522.796875 92158.820312 0.845751 -0.353586 160.160202
67701.039062 73598.851562 0.674068 -0.620519 152.279617
100095.992188 -991.568298 -0.009418 -0.915602 195.436005
-78608.148438 -62144.699219 -0.567298 0.718137 118.604263
84233.335938 -54423.437500 -0.496710 -0.768145 189.547974
78187.351562 -62986.167969 -0.573815 -0.711798 199.793182
-21484.121094 98186.390625 0.892747 0.195066 150.094940
74252.718750 -67857.156250 -0.616387 -0.673993 166.439484
28081.791016 -96710.335938 -0.876699 -0.254169 121.612228
-97287.695312 26406.062500 0.239312 0.880489 194.172684
-100890.250000 1055.448120 0.010067 0.911649 146.157898
97416.914062 26705.722656 0.240675 -0.879103 164.868851
-92454.773438 -40929.832031 -0.368530 0.833163 178.042358
-1631.250122 101172.031250 0.910651 0.014267 177.938263
-16092.967773 100026.265625 0.898620 0.144299 138.618805
56982.730469 -83889.132812 -0.752743 -0.510845 129.538177
-55912.292969 -84708.335938 -0.758765 0.501180 118.793495
22090.599609 -99156.250000 -0.887136 -0.197348 147.239227
-93741.484375 39422.761719 0.352659 0.837292 135.502640
38678.847656 94156.937500 0.839815 -0.345848 115.043571
-98610.289062 -25706.595703 -0.228629 0.878139 160.851471
-88195.078125 51230.976562 0.455848 0.784210 110.713135
2380.683350 102060.578125 0.906277 -0.021513 114.976593
-7877.900879 101908.203125 0.903532 0.069539 171.641251
47124.828125 90792.031250 0.803684 -0.417617 196.913513
