0.212675 -0.967021 -0.036302 -0.086507 113761.460938
-94.883667 64.333794 12.903393 20.164474 111.308212
-186.252075 35.377323 3.415606 18.661566 173.409958
222.859268 202.048904 10.180033 -11.177555 159.099503
-274.740509 -288.958527 -9.682580 8.942022 191.520782
-356.062012 -332.827942 -7.981418 8.686093 170.696487
-452.013458 -385.379425 -6.749926 8.239316 148.130722
-190.657242 -663.925659 -9.572762 2.789021 194.170151
-795.416992 -128.454880 -1.443933 9.077323 103.165443
881.325256 158.609207 1.542317 -8.600481 185.938095
315.183014 -942.432556 -7.878417 -2.614356 173.760864
-219.758743 -1074.803833 -7.722529 1.611503 101.283791
1106.166626 -437.263672 -2.776608 -7.033055 112.451584
-1298.328979 -150.502029 -0.819062 7.181645 191.232452
1359.406250 -352.449097 -1.776679 -6.749907 118.881142
1282.010864 770.536926 3.478272 -5.802207 192.330658
-1561.124390 394.698608 1.598937 6.307239 162.024399
-746.133362 -1536.860718 -5.677335 2.771409 128.995697
-1345.617798 1209.777588 4.105697 4.565427 104.166557
-105.938148 -1902.214966 -5.977086 0.344752 160.375519
1917.562866 558.877686 1.631193 -5.620318 166.316452
-2036.984741 500.827271 1.376649 5.535145 149.151031
-1675.819824 -1427.594360 -3.603997 4.244145 123.266533
-1398.502441 1824.638306 4.310774 3.306505 119.349258
2398.839355 167.173645 0.378418 -5.317308 172.973022
-1764.859619 1773.730591 3.716291 3.682362 170.565781
491.268524 2543.841064 5.037899 -0.977531 180.622543
2697.138184 109.214066 0.179052 -5.019584 127.991821
1260.729858 -2501.024658 -4.409678 -2.219988 197.010681
-2888.639404 -37.759602 -0.056727 4.860472 136.456161
2610.222168 -1496.646118 -2.373099 -4.139880 111.608902
-1745.973633 2553.748779 3.871835 2.641300 117.057335
2561.991699 -1918.178711 -2.770380 -3.687426 164.109695
-2152.561279 2509.541260 3.461885 2.952646 126.175911
3379.676025 354.657257 0.463463 -4.459183 162.355515
-2907.199951 -1929.805054 -2.443278 3.687874 164.169266
907.003906 -3497.964844 -4.196239 -1.088782 102.313652
-639.589111 3636.189697 4.236857 0.743212 124.919418
1311.235352 -3557.116455 -3.987244 -1.465708 126.156708
3615.887695 -1466.664062 -1.577399 -3.874447 109.190971
-390.751770 -3986.407959 -4.106741 0.406840 159.960312
4071.475098 566.081238 0.557791 -4.036629 152.225586
-4057.620605 -1083.817383 -1.037070 3.895339 187.270584
-135.582321 4305.619629 3.980781 0.124746 177.546890
-1415.821167 -4162.207520 -3.727225 1.272755 114.286964
2554.381836 -3687.371826 -3.209302 -2.221971 116.371933
1454.588745 -4349.657227 -3.648874 -1.221987 176.132477
4570.414551 1069.327759 0.865330 -3.718497 155.592972
258.943970 4794.682617 3.761197 -0.209699 183.749146
1822.870361 -4553.008789 -3.473066 -1.376283 164.767548
-4991.129395 114.986015 0.087840 3.695486 159.023682
-3068.567139 4083.772949 2.920166 2.195499 132.834000
3046.764648 -4219.199219 -2.941441 -2.116502 135.349548
-4110.405273 -3341.987793 -2.264115 2.787708 189.836853
5393.221680 -305.287659 -0.203438 -3.545916 115.645157
5479.876953 543.356689 0.343233 -3.505460 185.747498
5165.668457 2161.327881 1.345428 -3.225212 170.709641
-3609.960693 4393.370117 2.681321 2.196179 151.154114
5044.806641 -2884.879883 -1.702052 -2.973160 155.072769
-5377.611328 -2429.241943 -1.397032 3.098864 179.476257
2448.184082 -5465.230469 -3.082740 -1.374914 160.820755
-5168.759277 -3236.378662 -1.772678 2.839737 110.715172
630.544312 6176.909668 3.301681 -0.339014 146.216827
-3588.468018 -5185.361328 -2.704916 1.874883 131.435425
1327.430298 6271.694824 3.187504 -0.678711 192.546860
6094.669434 -2277.769287 -1.133688 -3.033395 191.906662
-5992.446289 2760.231934 1.345922 2.918744 193.684067
-6631.469727 1042.690918 0.496916 3.150570 100.192749
-4221.912109 5329.914551 2.485050 1.964765 136.352112
5182.473633 -4545.293457 -2.076152 -2.365291 128.318878
7007.856934 227.179062 0.098108 -3.119189 185.284012
-6801.098633 2089.193115 0.912716 2.959955 167.207840
-171.463745 7196.573730 3.079417 0.070137 126.315933
6990.846191 -2129.760254 -0.893283 -2.927202 149.878876
2681.029053 -6903.488770 -2.830494 -1.096038 115.443581
-7428.506348 -1058.232300 -0.434369 2.987711 137.296982
7116.217285 -2672.353027 -1.058207 -2.797434 131.811035
5442.955566 -5448.665039 -2.108113 -2.100358 175.118210
-4902.466797 6082.771484 2.303936 1.851660 122.811478
-5204.795898 -5931.044434 -2.209687 1.942168 158.639984
-7915.964355 -1059.323120 -0.385809 2.909106 147.371277
-8074.917480 -716.690918 -0.248660 2.877690 148.029037
8058.533691 -1593.566895 -0.563067 -2.828197 193.447266
-600.886963 -8277.788086 -2.859626 0.209156 118.975510
-7681.519043 3409.491211 1.158665 2.602590 114.450638
8107.718750 2503.526855 0.840869 -2.711563 195.517792
-7010.509277 -4972.499512 -1.629659 2.299838 147.924469
5055.892578 7064.741699 2.278368 -1.629351 142.380310
8016.756836 3615.447998 1.144915 -2.544204 130.039429
-937.160217 8862.488281 2.752586 0.288753 165.974564
-3779.816895 8163.518555 2.500372 1.155376 129.662003
8772.180664 2459.596436 0.733235 -2.639116 181.922485
9034.128906 1783.799438 0.524095 -2.668038 133.471191
-9260.667969 -997.634521 -0.288419 2.693377 130.524918
5130.159668 7863.021973 2.254610 -1.472671 104.519127
4481.971191 8361.846680 2.369858 -1.267892 148.000656
-9599.499023 -201.527710 -0.053961 2.662124 152.876190
-8320.978516 -5012.942871 -1.366277 2.271529 112.829788
7822.270020 -5892.585449 -1.585835 -2.109137 128.054214
2754.482178 -9522.828125 -2.515928 -0.731476 134.901566
5013.130371 8643.388672 2.256190 -1.317463 161.690750
10022.613281 1134.488525 0.290958 -2.584544 193.705765
3365.002930 -9625.404297 -2.447779 -0.853389 198.154449
1885.401733 -10131.915039 -2.523932 -0.470745 101.352737
8398.972656 -6145.377441 -1.516953 -2.064205 153.179520
10360.848633 -1651.022461 -0.403309 -2.519940 169.078354
-10422.710938 -1970.984863 -0.470040 2.493873 186.346237
-10696.951172 -553.546265 -0.127028 2.519715 136.794220
2482.533936 -10500.188477 -2.447920 -0.573589 195.540497
-1665.048218 -10772.252930 -2.472717 0.383583 185.396545
10655.401367 -2685.720459 -0.611544 -2.414769 165.002365
11033.285156 1087.550537 0.238597 -2.469596 181.729202
-9236.362305 6310.425781 1.394524 2.038421 183.606125
9165.234375 6586.855957 1.433866 -1.998379 164.080383
6013.479980 -9688.099609 -2.073099 -1.294771 142.127502
10727.704102 4124.627441 0.872400 -2.276250 132.198090
4022.459473 -10868.733398 -2.277962 -0.839272 129.809967
-4771.184082 -10683.269531 -2.205332 0.985141 182.887589
6339.970703 -9950.732422 -2.037349 -1.285053 133.811249
-6794.462891 9762.961914 1.967078 1.367200 112.620407
-11799.013672 2262.873047 0.449949 2.339472 185.289597
-11893.984375 -2269.409424 -0.442309 2.332330 181.480865
-10985.269531 -5315.387207 -1.031464 2.129179 183.116669
-8584.554688 -8798.912109 -1.685845 1.642551 123.668198
2764.424316 12093.582031 2.286499 -0.523235 133.660400
-12469.139648 632.281189 0.120211 2.334961 117.612389
-8436.567383 -9350.697266 -1.729817 1.565133 123.524811
7923.072266 9911.359375 1.810319 -1.449106 104.273872
-10009.420898 -7976.787598 -1.438570 1.806632 172.689346
11516.683594 -5818.169434 -1.038225 -2.052562 156.825455
10231.003906 -8017.956055 -1.413820 -1.802494 191.583771
-5556.078613 -11855.587891 -2.065704 0.969985 138.655029
-4266.868652 12478.540039 2.153234 0.735199 191.745026
-12198.123047 -5288.064941 -0.905414 2.081002 149.008163
55.531769 13404.967773 2.251017 -0.009082 111.797218
-457.649933 13502.596680 2.251399 0.074446 133.291702
-12652.208008 -4953.650879 -0.810901 2.082112 182.569946
-4850.209473 -12800.611328 -2.088279 0.793575 145.978195
7121.887207 11832.515625 1.903948 -1.147698 160.310699
943.400269 -13865.500000 -2.210700 -0.149667 121.107941
3366.692627 13584.032227 2.142756 -0.532459 113.766464
-13949.890625 2097.118164 0.325747 2.175111 103.288643
-12758.845703 -6242.828125 -0.966930 1.949071 171.403671
11825.660156 -8020.278320 -1.228576 -1.808752 101.717690
-12830.891602 -6519.500488 -0.978293 1.967095 158.311081
-12731.706055 6944.237793 1.039447 1.903977 183.311340
-14596.605469 -125.114723 -0.016576 2.162459 108.916557
-10407.662109 -10396.749023 -1.522078 1.525178 164.936707
-14623.997070 2269.175537 0.333396 2.120821 134.259369
11722.794922 -9205.729492 -1.322721 -1.680719 150.695786
1975.905273 14878.867188 2.113793 -0.281998 126.866371
14364.277344 -4690.024414 -0.653688 -2.023490 148.060730
-12908.809570 -8028.706543 -1.117871 1.801434 195.759705
-3134.029053 -14978.043945 -2.066868 0.433409 153.079987
14991.375977 -3479.790527 -0.474901 -2.055661 143.689758
-14939.377930 -4186.544922 -0.563857 2.019238 101.249413
14780.092773 -4951.725098 -0.671354 -1.979841 143.371353
6117.396484 -14466.832031 -1.920548 -0.811345 193.580368
-3162.465088 15467.355469 2.038042 0.416488 156.150360
15427.273438 -3858.578125 -0.508655 -2.008239 103.770653
2801.146240 -15763.704102 -2.037337 -0.363431 193.266708
-11174.963867 -11583.171875 -1.481372 1.432173 116.222290
5780.979980 15126.731445 1.917054 -0.733824 111.292450
2309.339600 -16145.327148 -2.021008 -0.285006 170.222198
15110.857422 -6355.083496 -0.793850 -1.896914 142.019714
15089.764648 -6657.393555 -0.821330 -1.841145 138.482193
16465.537109 2156.392334 0.262355 -2.010660 192.901367
641.368530 -16691.900391 -2.019073 -0.076032 187.847137
8495.123047 -14483.563477 -1.740463 -1.019250 169.297729
-14800.041992 8142.837891 0.969950 1.760577 197.563843
-2551.886963 16797.462891 1.981821 0.299508 193.753418
-13280.321289 -10764.491211 -1.259632 1.553695 171.632904
13941.665039 -10070.593750 -1.167715 -1.613741 134.490952
-2864.727051 -17050.544922 -1.958667 0.329683 153.731232
17305.892578 -1827.863770 -0.209554 -1.970001 131.071442
-659.179443 17501.298828 1.972407 0.073066 124.822678
17104.484375 -4195.481445 -0.471410 -1.911889 118.296257
-14074.312500 -10746.279297 -1.187960 1.561646 120.408745
6246.794922 -16666.462891 -1.834587 -0.686390 196.096863
17071.396484 5376.122070 0.585877 -1.863007 179.619965
3123.838623 17722.968750 1.917786 -0.336988 121.673843
-16897.724609 -6451.867188 -0.691317 1.814085 149.124863
18179.056641 827.633789 0.086571 -1.934813 110.033737
9977.925781 15357.264648 1.618299 -1.052494 100.160187
-2381.065186 -18238.583984 -1.910212 0.251756 172.584198
-7292.695312 -17002.886719 -1.766724 0.757781 170.995529
-16798.501953 -8000.245605 -0.822049 1.730081 196.643570
-9474.416016 16136.616211 1.647344 0.966667 192.899689
4778.862793 -18194.136719 -1.842116 -0.482471 153.344269
3142.496094 18642.142578 1.873646 -0.318015 134.127640
-15855.810547 -10489.869141 -1.046498 1.577184 139.020462
-8229.061523 -17232.365234 -1.703455 0.816301 161.289459
14761.925781 12276.043945 1.205850 -1.450034 117.156898
16984.031250 9165.777344 0.892545 -1.655482 117.915237
-12140.710938 15120.280273 1.463223 1.174192 133.786682
14611.056641 -12932.698242 -1.240342 -1.399397 106.790932
-16215.070312 -11030.874023 -1.045681 1.546834 175.410187
-19674.642578 -1169.268921 -0.109668 1.857865 132.545807
-14832.951172 13108.772461 1.229994 1.391079 166.044937
18665.613281 6915.799805 0.642164 -1.736926 145.205307
18773.876953 -6858.058105 -0.635285 -1.735250 167.590759
-9021.560547 17968.099609 1.646940 0.825476 126.954720
6682.983887 -19073.921875 -1.734862 -0.606506 194.930084
-4465.382812 19788.660156 1.788216 0.402943 106.007782
-20373.564453 962.965271 0.087223 1.826841 113.919060
-17289.871094 11011.187500 0.980772 1.538899 149.735367
-5553.280273 19828.011719 1.754469 0.490257 138.279373
16259.882812 12811.648438 1.122831 -1.427200 197.847336
-19857.236328 6159.393555 0.537261 1.730256 148.847992
13359.040039 16078.582031 1.389233 -1.155569 187.378220
4296.236328 20550.103516 1.764685 -0.369288 193.057983
17624.650391 -11605.607422 -0.989941 -1.501456 187.561111
2582.060547 -21043.167969 -1.780839 -0.217215 120.012489
7917.165039 -19776.910156 -1.663648 -0.663621 100.445824
7883.115723 19902.691406 1.660892 -0.653483 129.021317
-14037.734375 -16274.039062 -1.349274 1.165110 178.323166
11309.718750 -18406.380859 -1.515354 -0.929672 119.346893
-14296.867188 16328.154297 1.334644 1.167429 148.736069
-20663.544922 -6907.187988 -0.560248 1.678858 159.390411
7995.566406 20402.816406 1.641765 -0.650414 104.654144
-21999.126953 -737.880066 -0.057893 1.759849 118.654930
18663.771484 11849.786133 0.940708 -1.483980 140.413223
-15850.049805 -15563.706055 -1.227180 1.251444 131.218506
4508.526855 21853.732422 1.712399 -0.355262 108.227646
21309.773438 -6879.134766 -0.537753 -1.661141 189.355911
9433.014648 20411.826172 1.579792 -0.731817 108.389961
6165.675781 -21734.332031 -1.672507 -0.472774 172.120743
-17114.875000 14922.055664 1.140044 1.306155 155.958420
-22275.982422 4833.705566 0.367672 1.691286 192.448822
-20060.509766 11036.019531 0.832995 1.512771 147.636887
-7727.442383 21664.416016 1.623144 0.577712 166.727905
21225.214844 9150.202148 0.679256 -1.578511 117.312637
22906.132812 3635.919189 0.268109 -1.694767 126.345818
23242.417969 -1568.347412 -0.116207 -1.707684 188.757507
796.520874 23378.544922 1.707064 -0.057236 110.555496
-4795.788574 23000.039062 1.668813 0.346837 105.658836
-23492.167969 -2105.302002 -0.150516 1.694607 123.802910
2474.565918 23573.562500 1.687077 -0.178164 103.267075
-22809.947266 -6795.973145 -0.482103 1.623064 141.898666
19783.117188 -13383.806641 -0.948249 -1.399365 188.545685
-22901.169922 7195.788086 0.506280 1.607863 130.586334
-19654.564453 13964.358398 0.975342 1.370832 161.078598
-12462.894531 -20730.285156 -1.439308 0.866481 167.583588
24278.039062 1337.268188 0.091074 -1.673070 170.113815
494.857635 24382.984375 1.672896 -0.036033 169.115067
-22247.210938 -10237.544922 -0.696881 1.517220 193.608688
-18767.664062 -15899.000000 -1.075713 1.271345 121.917831
5404.938477 24099.193359 1.621549 -0.365081 173.389389
-1257.121582 -24778.546875 -1.651164 0.083896 196.759430
-686.655823 -24897.443359 -1.661531 0.047990 151.418365
-21644.357422 12483.087891 0.827084 1.431216 142.020340
-1719.026489 25045.580078 1.645584 0.111789 187.220276
-17061.210938 18538.833984 1.214268 1.116554 127.431404
-16544.820312 19121.699219 1.241355 1.072255 193.872208
-24764.539062 5675.264648 0.367513 1.597564 194.770370
-18445.550781 -17613.869141 -1.129079 1.184395 119.481766
