0.212675 -0.967019 -0.036302 -0.086507 113761.460938
-94.883842 64.333672 12.903354 20.164454 111.308212
-186.252045 35.377357 3.415609 18.661543 173.409958
222.858688 202.049057 10.179976 -11.177529 159.099503
-274.741211 -288.958405 -9.682626 8.942052 191.520782
-356.062347 -332.827484 -7.981449 8.686150 170.696487
-452.013885 -385.378998 -6.749950 8.239355 148.130722
-190.657654 -663.925659 -9.572823 2.789018 194.170151
-795.416992 -128.454208 -1.443937 9.077381 103.165443
881.325195 158.609543 1.542314 -8.600470 185.938095
315.182922 -942.432800 -7.878431 -2.614383 173.760864
-219.758759 -1074.803833 -7.722520 1.611509 101.283791
1106.166626 -437.262817 -2.776610 -7.032992 112.451584
-1298.328979 -150.501450 -0.819058 7.181699 191.232452
1359.406128 -352.448669 -1.776679 -6.749851 118.881142
1282.010986 770.537109 3.478283 -5.802186 192.330658
-1561.124390 394.699402 1.598937 6.307322 162.024399
-746.133728 -1536.860840 -5.677358 2.771397 128.995697
-1345.617798 1209.777710 4.105700 4.565442 104.166557
-105.938103 -1902.214966 -5.977088 0.344752 160.375519
1917.562866 558.877930 1.631198 -5.620295 166.316452
-2036.984863 500.827667 1.376642 5.535192 149.151031
-1675.819702 -1427.593994 -3.603985 4.244153 123.266533
-1398.502930 1824.638550 4.310736 3.306529 119.349258
2398.839355 167.174088 0.378417 -5.317270 172.973022
-1764.859619 1773.730225 3.716291 3.682359 170.565781
491.268341 2543.841064 5.037888 -0.977533 180.622543
2697.138184 109.214722 0.179051 -5.019512 127.991821
1260.729370 -2501.024658 -4.409722 -2.219988 197.010681
-2888.639404 -37.759304 -0.056726 4.860495 136.456161
2610.222168 -1496.646240 -2.373098 -4.139898 111.608902
-1745.973633 2553.749268 3.871838 2.641318 117.057335
2561.991699 -1918.178711 -2.770383 -3.687426 164.109695
-2152.561279 2509.541260 3.461876 2.952648 126.175911
3379.676025 354.658020 0.463466 -4.459132 162.355515
-2907.199951 -1929.805298 -2.443260 3.687852 164.169266
907.003906 -3497.964844 -4.196238 -1.088778 102.313652
-639.588257 3636.189697 4.236888 0.743212 124.919418
1311.235229 -3557.116455 -3.987268 -1.465714 126.156708
3615.887695 -1466.663818 -1.577394 -3.874415 109.190971
-390.751434 -3986.408203 -4.106723 0.406840 159.960312
4071.474854 566.080811 0.557787 -4.036657 152.225586
-4057.620850 -1083.817505 -1.037082 3.895305 187.270584
-135.582458 4305.619629 3.980764 0.124745 177.546890
-1415.821289 -4162.207520 -3.727235 1.272759 114.286964
2554.381592 -3687.371338 -3.209306 -2.221929 116.371933
1454.588623 -4349.657227 -3.648880 -1.222001 176.132477
4570.414551 1069.327515 0.865334 -3.718504 155.592972
258.943817 4794.682617 3.761175 -0.209699 183.749146
1822.870239 -4553.009277 -3.473081 -1.376292 164.767548
-4991.129395 114.985939 0.087840 3.695479 159.023682
-3068.567139 4083.773193 2.920177 2.195518 132.834000
3046.764648 -4219.199219 -2.941453 -2.116463 135.349548
-4110.405273 -3341.988281 -2.264109 2.787692 189.836853
5393.221680 -305.287842 -0.203437 -3.545936 115.645157
5479.876953 543.356995 0.343230 -3.505445 185.747498
5165.668457 2161.327881 1.345426 -3.225213 170.709641
-3609.960693 4393.370605 2.681325 2.196198 151.154114
5044.806641 -2884.879639 -1.702056 -2.973143 155.072769
-5377.611328 -2429.242432 -1.397021 3.098831 179.476257
2448.184082 -5465.230469 -3.082722 -1.374918 160.820755
-5168.759277 -3236.378906 -1.772686 2.839711 110.715172
630.544189 6176.909668 3.301674 -0.339017 146.216827
-3588.468018 -5185.361328 -2.704911 1.874878 131.435425
1327.430542 6271.694824 3.187520 -0.678715 192.546860
6094.669434 -2277.768799 -1.133681 -3.033373 191.906662
-5992.446289 2760.232178 1.345919 2.918758 193.684067
-6631.469727 1042.690918 0.496916 3.150560 100.192749
-4221.911621 5329.914551 2.485065 1.964766 136.352112
5182.473633 -4545.293457 -2.076160 -2.365273 128.318878
7007.856934 227.179092 0.098109 -3.119183 185.284012
-6801.098633 2089.193115 0.912717 2.959997 167.207840
-171.463989 7196.573730 3.079391 0.070137 126.315933
6990.846191 -2129.760254 -0.893282 -2.927207 149.878876
2681.028809 -6903.488770 -2.830525 -1.096040 115.443581
-7428.506348 -1058.232422 -0.434371 2.987690 137.296982
7116.217285 -2672.352783 -1.058207 -2.797405 131.811035
5442.955566 -5448.665039 -2.108111 -2.100348 175.118210
-4902.466797 6082.771484 2.303943 1.851648 122.811478
-5204.795898 -5931.044434 -2.209686 1.942166 158.639984
-7915.964355 -1059.323364 -0.385807 2.909091 147.371277
-8074.917480 -716.691223 -0.248659 2.877661 148.029037
8058.533691 -1593.566895 -0.563064 -2.828201 193.447266
-600.887207 -8277.788086 -2.859630 0.209156 118.975510
-7681.519043 3409.491455 1.158662 2.602600 114.450638
8107.718750 2503.526855 0.840866 -2.711542 195.517792
-7010.509277 -4972.499512 -1.629649 2.299845 147.924469
5055.891602 7064.741211 2.278356 -1.629353 142.380310
8016.756348 3615.447998 1.144906 -2.544193 130.039429
-937.160522 8862.488281 2.752563 0.288752 165.974564
-3779.816895 8163.518555 2.500373 1.155391 129.662003
8772.180664 2459.596436 0.733235 -2.639132 181.922485
9034.128906 1783.799438 0.524100 -2.668049 133.471191
-9260.667969 -997.634521 -0.288423 2.693365 130.524918
5130.159668 7863.021973 2.254609 -1.472674 104.519127
4481.971191 8361.846680 2.369862 -1.267899 148.000656
-9599.499023 -201.527573 -0.053961 2.662137 152.876190
-8320.978516 -5012.942871 -1.366278 2.271521 112.829788
7822.270020 -5892.585938 -1.585839 -2.109144 128.054214
2754.481934 -9522.828125 -2.515932 -0.731474 134.901566
5013.130371 8643.388672 2.256213 -1.317464 161.690750
10022.613281 1134.488403 0.290960 -2.584543 193.705765
3365.003174 -9625.404297 -2.447777 -0.853391 198.154449
1885.401733 -10131.915039 -2.523940 -0.470749 101.352737
8398.972656 -6145.377441 -1.516957 -2.064176 153.179520
10360.848633 -1651.022461 -0.403309 -2.519953 169.078354
-10422.710938 -1970.984985 -0.470038 2.493864 186.346237
-10696.951172 -553.545959 -0.127029 2.519749 136.794220
2482.533936 -10500.188477 -2.447903 -0.573584 195.540497
-1665.048218 -10772.252930 -2.472720 0.383583 185.396545
10655.401367 -2685.720459 -0.611535 -2.414746 165.002365
11033.285156 1087.550537 0.238596 -2.469590 181.729202
-9236.362305 6310.425293 1.394519 2.038417 183.606125
9165.234375 6586.855469 1.433874 -1.998393 164.080383
6013.479980 -9688.099609 -2.073114 -1.294776 142.127502
10727.704102 4124.627930 0.872401 -2.276245 132.198090
4022.459473 -10868.733398 -2.277946 -0.839271 129.809967
-4771.184082 -10683.269531 -2.205338 0.985142 182.887589
6339.970215 -9950.732422 -2.037356 -1.285059 133.811249
-6794.462891 9762.961914 1.967095 1.367213 112.620407
-11799.013672 2262.873047 0.449946 2.339469 185.289597
-11893.984375 -2269.409180 -0.442307 2.332353 181.480865
-10985.269531 -5315.387207 -1.031465 2.129163 183.116669
-8584.554688 -8798.912109 -1.685847 1.642540 123.668198
2764.424072 12093.582031 2.286471 -0.523234 133.660400
-12469.139648 632.280884 0.120211 2.334936 117.612389
-8436.567383 -9350.697266 -1.729820 1.565142 123.524811
7923.072266 9911.359375 1.810328 -1.449101 104.273872
-10009.420898 -7976.787598 -1.438564 1.806649 172.689346
11516.683594 -5818.169434 -1.038229 -2.052569 156.825455
10231.003906 -8017.956055 -1.413805 -1.802491 191.583771
-5556.079102 -11855.588867 -2.065719 0.969982 138.655029
-4266.868652 12478.540039 2.153258 0.735205 191.745026
-12198.123047 -5288.064941 -0.905415 2.080990 149.008163
55.531689 13404.967773 2.251008 -0.009082 111.797218
-457.650085 13502.596680 2.251383 0.074446 133.291702
-12652.208008 -4953.650879 -0.810895 2.082086 182.569946
-4850.209473 -12800.611328 -2.088268 0.793570 145.978195
7121.887695 11832.515625 1.903951 -1.147702 160.310699
943.400269 -13865.500000 -2.210703 -0.149668 121.107941
3366.692627 13584.032227 2.142744 -0.532454 113.766464
-13949.890625 2097.118408 0.325748 2.175123 103.288643
-12758.845703 -6242.828613 -0.966926 1.949057 171.403671
11825.660156 -8020.278320 -1.228578 -1.808759 101.717690
-12830.891602 -6519.500488 -0.978293 1.967097 158.311081
-12731.706055 6944.237793 1.039452 1.903966 183.311340
-14596.605469 -125.114937 -0.016576 2.162430 108.916557
-10407.662109 -10396.749023 -1.522077 1.525183 164.936707
-14623.997070 2269.175537 0.333395 2.120812 134.259369
11722.794922 -9205.729492 -1.322724 -1.680724 150.695786
1975.905151 14878.867188 2.113788 -0.281998 126.866371
14364.277344 -4690.024414 -0.653691 -2.023488 148.060730
-12908.809570 -8028.706543 -1.117871 1.801428 195.759705
-3134.029541 -14978.043945 -2.066897 0.433408 153.079987
14991.375977 -3479.790771 -0.474903 -2.055673 143.689758
-14939.377930 -4186.544922 -0.563852 2.019231 101.249413
14780.092773 -4951.725098 -0.671357 -1.979852 143.371353
6117.396484 -14466.832031 -1.920550 -0.811351 193.580368
-3162.465088 15467.355469 2.038039 0.416488 156.150360
15427.273438 -3858.578125 -0.508655 -2.008238 103.770653
2801.146484 -15763.705078 -2.037313 -0.363434 193.266708
-11174.962891 -11583.171875 -1.481365 1.432185 116.222290
5780.979980 15126.731445 1.917048 -0.733833 111.292450
2309.339111 -16145.327148 -2.021019 -0.285007 170.222198
15110.857422 -6355.083496 -0.793849 -1.896926 142.019714
15089.764648 -6657.393555 -0.821331 -1.841153 138.482193
16465.537109 2156.392334 0.262355 -2.010672 192.901367
641.368530 -16691.900391 -2.019083 -0.076031 187.847137
8495.123047 -14483.563477 -1.740464 -1.019248 169.297729
-14800.041992 8142.837402 0.969950 1.760564 197.563843
-2551.887451 16797.462891 1.981804 0.299508 193.753418
-13280.321289 -10764.491211 -1.259628 1.553700 171.632904
13941.665039 -10070.593750 -1.167699 -1.613752 134.490952
-2864.727051 -17050.542969 -1.958664 0.329687 153.731232
17305.892578 -1827.863770 -0.209554 -1.970004 131.071442
-659.179260 17501.298828 1.972415 0.073067 124.822678
17104.484375 -4195.481445 -0.471409 -1.911893 118.296257
-14074.312500 -10746.279297 -1.187966 1.561652 120.408745
6246.794922 -16666.462891 -1.834569 -0.686384 196.096863
17071.396484 5376.122070 0.585877 -1.863008 179.619965
3123.838623 17722.968750 1.917776 -0.336986 121.673843
-16897.724609 -6451.867188 -0.691323 1.814077 149.124863
18179.056641 827.633728 0.086571 -1.934821 110.033737
9977.924805 15357.264648 1.618289 -1.052499 100.160187
-2381.065186 -18238.583984 -1.910216 0.251757 172.584198
-7292.695312 -17002.886719 -1.766722 0.757782 170.995529
-16798.501953 -8000.245605 -0.822042 1.730074 196.643570
-9474.416016 16136.616211 1.647344 0.966661 192.899689
4778.862793 -18194.136719 -1.842114 -0.482471 153.344269
3142.496094 18642.142578 1.873652 -0.318013 134.127640
-15855.810547 -10489.869141 -1.046510 1.577185 139.020462
-8229.061523 -17232.365234 -1.703469 0.816307 161.289459
14761.925781 12276.043945 1.205852 -1.450025 117.156898
16984.031250 9165.777344 0.892545 -1.655479 117.915237
-12140.711914 15120.279297 1.463217 1.174183 133.786682
14611.056641 -12932.698242 -1.240337 -1.399376 106.790932
-16215.070312 -11030.874023 -1.045675 1.546845 175.410187
-19674.642578 -1169.269043 -0.109668 1.857862 132.545807
-14832.951172 13108.772461 1.229994 1.391069 166.044937
18665.613281 6915.799805 0.642170 -1.736925 145.205307
18773.876953 -6858.058105 -0.635279 -1.735250 167.590759
-9021.560547 17968.099609 1.646947 0.825477 126.954720
6682.984375 -19073.921875 -1.734844 -0.606513 194.930084
-4465.382812 19788.660156 1.788218 0.402942 106.007782
-20373.564453 962.965149 0.087223 1.826830 113.919060
-17289.871094 11011.187500 0.980778 1.538889 149.735367
-5553.280273 19828.011719 1.754475 0.490257 138.279373
16259.882812 12811.648438 1.122819 -1.427198 197.847336
-19857.236328 6159.393555 0.537261 1.730262 148.847992
13359.040039 16078.582031 1.389233 -1.155569 187.378220
4296.236328 20550.103516 1.764677 -0.369285 193.057983
17624.650391 -11605.607422 -0.989942 -1.501448 187.561111
2582.060547 -21043.167969 -1.780856 -0.217216 120.012489
7917.165039 -19776.910156 -1.663632 -0.663624 100.445824
7883.115723 19902.691406 1.660900 -0.653477 129.021317
-14037.734375 -16274.039062 -1.349278 1.165111 178.323166
11309.718750 -18406.380859 -1.515366 -0.929678 119.346893
-14296.867188 16328.154297 1.334632 1.167417 148.736069
-20663.544922 -6907.188477 -0.560248 1.678846 159.390411
7995.566406 20402.816406 1.641768 -0.650410 104.654144
-21999.126953 -737.880066 -0.057892 1.759844 118.654930
18663.771484 11849.786133 0.940705 -1.483982 140.413223
-15850.048828 -15563.706055 -1.227168 1.251449 131.218506
4508.526855 21853.732422 1.712399 -0.355267 108.227646
21309.773438 -6879.135254 -0.537753 -1.661143 189.355911
9433.014648 20411.826172 1.579795 -0.731819 108.389961
6165.675781 -21734.332031 -1.672509 -0.472777 172.120743
-17114.875000 14922.055664 1.140043 1.306166 155.958420
-22275.982422 4833.705566 0.367669 1.691282 192.448822
-20060.509766 11036.019531 0.832996 1.512766 147.636887
-7727.442383 21664.416016 1.623136 0.577718 166.727905
21225.214844 9150.202148 0.679262 -1.578507 117.312637
22906.132812 3635.919189 0.268109 -1.694765 126.345818
23242.417969 -1568.347412 -0.116206 -1.707678 188.757507
796.520874 23378.544922 1.707057 -0.057237 110.555496
-4795.788086 23000.039062 1.668825 0.346836 105.658836
-23492.167969 -2105.302002 -0.150516 1.694619 123.802910
2474.565918 23573.562500 1.687069 -0.178163 103.267075
-22809.947266 -6795.973145 -0.482102 1.623072 141.898666
19783.117188 -13383.806641 -0.948247 -1.399377 188.545685
-22901.169922 7195.788086 0.506274 1.607887 130.586334
-19654.564453 13964.358398 0.975333 1.370832 161.078598
-12462.894531 -20730.285156 -1.439319 0.866481 167.583588
24278.039062 1337.268188 0.091073 -1.673070 170.113815
494.857758 24382.984375 1.672900 -0.036033 169.115067
-22247.210938 -10237.544922 -0.696872 1.517216 193.608688
-18767.664062 -15899.000000 -1.075725 1.271363 121.917831
5404.938477 24099.193359 1.621561 -0.365081 173.389389
-1257.121704 -24778.546875 -1.651176 0.083895 196.759430
-686.655701 -24897.443359 -1.661519 0.047990 151.418365
-21644.357422 12483.087891 0.827081 1.431220 142.020340
-1719.026611 25045.580078 1.645575 0.111789 187.220276
-17061.210938 18538.833984 1.214265 1.116542 127.431404
-16544.820312 19121.699219 1.241352 1.072255 193.872208
-24764.539062 5675.264160 0.367510 1.597552 194.770370
-18445.550781 -17613.869141 -1.129083 1.184395 119.481766
