1000
0.000000 0.000000 0.000000 0.000000 132651.309428
-6.662241 113.685445 26.391391 1.546599 123.580139
-29.587245 -193.823578 -19.917058 3.040347 192.741845
169.357122 -240.482302 -13.449351 -9.471564 198.743276
-141.029838 -389.346745 -13.034887 4.721519 151.139353
-470.469860 -145.417248 -3.754305 12.146340 104.782971
582.905072 100.894850 1.978283 -11.429236 115.723922
-113.579636 -676.039051 -10.626222 1.785285 150.585485
-807.464234 -22.038139 -0.270819 9.922639 130.009183
217.336283 860.913636 9.179689 -2.317398 124.257108
550.281257 -847.270720 -7.443673 -4.834481 182.506485
364.316755 -1024.511808 -8.060992 -2.866492 147.809104
546.953761 1051.426928 7.269973 -3.781850 173.753877
-1302.148779 181.992853 1.076945 7.705483 146.379800
-1326.004550 449.581700 2.420915 7.140291 131.187994
-503.835622 -1414.531019 -6.858361 2.442849 100.692261
1380.113375 -821.878300 -3.601632 -6.047927 155.491104
1537.798767 -704.458543 -2.856857 -6.236381 158.220268
-656.637224 -1676.468569 -6.190778 2.424797 130.607784
450.846672 -1853.716564 -6.276116 -1.526429 181.067639
-1362.473236 -1467.548760 -4.620224 4.289419 102.142713
-525.024929 -2019.724970 -5.977051 1.553727 186.352826
-473.794962 -2157.566005 -5.862855 1.287465 166.831237
-582.660651 -2217.622268 -5.698287 1.497174 184.205736
534.921296 2341.931734 5.611506 -1.281726 132.019887
262.282914 -2488.670578 -5.608539 -0.591088 176.840047
-2561.711512 375.602582 0.804334 5.485777 146.429446
-955.976657 -2532.116335 -5.073257 1.915361 137.927377
714.660329 2692.519181 5.166271 -1.371254 131.137881
2847.030527 -602.430049 -1.082637 -5.116447 100.231457
-2859.966528 -940.733964 -1.606550 4.884144 179.068545
-2366.216371 -2012.982065 -3.279740 3.855263 142.191198
-2714.793203 1687.774125 2.634508 4.237619 113.179557
-1506.972214 -2926.744486 -4.371600 2.250924 184.775467
12.837071 3401.511046 4.837164 -0.018255 155.722203
1700.592317 -3052.888149 -4.169159 -2.322404 177.159119
3533.603570 -731.460441 -0.951983 -4.598924 153.869185
-1432.310493 -3400.559781 -4.280169 1.802801 101.576323
-909.735599 -3688.708853 -4.443871 1.095979 170.866017
-3728.717567 -1140.721623 -1.321692 4.320262 191.747451
-3294.101502 2256.800722 2.523315 3.683114 188.477734
2900.401529 2905.908519 3.116271 -3.110365 143.563349
-4193.654133 -366.480600 -0.378543 4.331687 104.813400
-142.447285 -4302.712250 -4.297377 0.142271 145.981764
-1255.341942 4208.551156 4.079456 1.216835 113.448243
-3376.360510 -2997.468659 -2.787462 3.139808 138.400829
-3714.366378 2715.429060 2.454585 3.357565 121.531784
-4342.641867 -1801.721291 -1.576721 3.800331 118.332213
4661.232921 1115.393337 0.948357 -3.963187 187.022383
-4871.504311 -428.934749 -0.353845 4.018689 158.210079
976.430749 -4890.368539 -3.917668 -0.782217 112.962940
-5015.289126 925.476923 0.716880 3.884872 153.423679
-1365.544269 5018.957461 3.774536 1.026965 165.945122
5126.712997 -1284.593158 -0.943202 -3.764246 117.358506
2061.589917 4979.329517 3.550678 -1.470086 191.869568
2174.309354 5052.792210 3.494050 -1.503554 121.498194
-997.232723 -5517.826287 -3.707476 0.670050 183.084432
-859.044357 5647.758138 3.690145 0.561284 123.057728
-5670.472255 -1260.226532 -0.803060 3.613420 179.345459
-1354.712562 -5738.549001 -3.575738 0.844133 183.085505
984.671437 -5918.827839 -3.592702 -0.597691 134.509326
-963.059577 6009.523534 3.570688 0.572223 112.685464
2710.852676 -5582.610174 -3.221459 -1.564304 159.805118
2994.948125 -5555.307919 -3.125880 -1.685208 189.047846
6294.144177 -1206.597925 -0.663489 -3.461048 185.189113
-6482.421154 189.951408 0.102610 3.501735 103.951123
579.523777 6584.675883 3.456614 -0.304220 122.492996
3584.917095 5644.905381 2.912303 -1.849520 194.683916
6524.081784 -1955.513451 -0.981500 -3.274529 122.100205
-3333.492430 6047.938807 2.973172 1.638748 175.607880
3584.638432 -5996.361917 -2.897106 -1.731896 146.954394
5038.633488 -4987.919019 -2.357152 -2.381118 124.617479
-6412.347729 -3291.696488 -1.517540 2.956225 152.160485
-6927.736933 2315.921818 1.046554 3.130610 134.396811
438.500648 7387.143334 3.273765 -0.194331 117.308221
125.063368 7500.289310 3.256881 -0.054307 114.342958
6547.151128 3875.266526 1.647481 -2.783371 163.901852
4402.203039 6325.386895 2.637752 -1.835764 187.516685
7778.601402 733.571469 0.299666 -3.177581 103.519671
-2103.779781 -7620.744286 -3.058513 0.844332 198.933193
-264.862029 -7985.492487 -3.154441 0.104626 131.967328
6812.245951 -4377.107501 -1.694770 -2.637630 115.585017
-3877.593007 -7239.908854 -2.744216 1.469764 103.209940
-3761.007461 7391.386139 2.761031 1.404913 160.787216
4024.829580 -7371.183787 -2.701914 -1.475305 105.675354
-5980.957482 6043.557808 2.174635 2.152110 129.743920
5324.886288 6742.875305 2.388595 -1.886287 154.491107
5513.569812 -6714.508282 -2.339129 -1.920759 163.001350
2537.867875 -8414.837585 -2.881059 -0.868911 178.332374
-8871.430962 556.893590 0.187470 2.986438 179.829639
-5163.481014 -7369.610756 -2.435690 1.706554 150.578650
8421.194987 3457.017843 1.122910 -2.735375 125.088734
9192.773452 -456.914917 -0.145980 -2.937003 116.045353
-990.826743 9239.381784 2.909949 0.312062 183.253627
-2083.968936 -9159.991501 -2.838223 0.645718 115.761400
-3255.800439 8927.847466 2.718868 0.991515 198.757786
-9350.330956 -2127.575689 -0.639196 2.809156 136.193908
-6151.019658 -7510.972801 -2.215223 1.814130 150.562763
1906.328314 -9614.564133 -2.795161 -0.554211 136.548265
8383.446193 -5257.595551 -1.506781 -2.402622 116.250620
-6408.678384 7690.645580 2.166145 1.805067 165.277707
9852.966927 -2166.669438 -0.603242 -2.743256 130.583922
-8127.375218 -6151.989164 -1.686481 2.228006 136.786742
5955.725838 -8389.026650 -2.267962 -1.610122 136.046654
6075.762333 8431.930150 2.245191 -1.617809 162.760468
-14.964551 -10492.514912 -2.754171 0.003928 134.236407
8339.930131 -6548.077006 -1.691915 -2.154900 164.817427
-5234.076062 -9319.313501 -2.379233 1.336266 118.405381
1590.148195 10681.806848 2.685157 -0.399726 182.516954
-9478.785184 -5390.584549 -1.335565 2.348453 160.671817
-10324.001549 3779.218263 0.924914 2.526663 151.803163
-10404.395955 -3876.661080 -0.934803 2.508874 187.878319
5387.090860 -9835.508974 -2.336558 -1.279776 184.482303
10376.111319 -4462.438348 -1.048755 -2.438578 144.825054
3594.746868 10832.972125 2.506294 -0.831673 129.693790
-10925.548595 3570.254693 0.817369 2.501279 144.763863
10723.350508 4459.168361 1.005167 -2.417212 119.779194
4905.084629 10610.109529 2.368544 -1.094985 109.230889
-6030.538423 -10158.690400 -2.231945 1.324957 176.120299
-4473.354052 11029.381760 2.396356 0.971927 198.779797
-9219.364424 -7661.919870 -1.646920 1.981691 157.039023
2599.256586 11831.783908 2.503538 -0.549988 101.476627
4602.125961 11308.703281 2.364882 -0.962399 157.181342
-12178.864268 -1669.200051 -0.345516 2.520961 140.198523
-12328.107055 1348.389981 0.275441 2.518313 133.781794
2787.407684 -12169.922462 -2.461123 -0.563697 153.692557
-998.835544 -12551.309968 -2.506286 0.199451 198.688598
8853.646897 -9096.399635 -1.794384 -1.746498 104.963823
6411.330359 -11063.086793 -2.158615 -1.250971 123.080997
-10484.583396 7491.891767 1.444888 2.022059 189.588384
-12957.872793 1086.478673 0.206714 2.465373 120.736605
-12486.701662 3973.847339 0.747390 2.348464 181.803366
-839.872350 13164.174737 2.451385 0.156398 103.372589
-13224.109825 -1446.616881 -0.265987 2.431496 122.231016
12069.849531 5850.716390 1.062539 -2.191987 174.425302
12075.906921 6033.405880 1.085250 -2.172137 122.715914
-1987.344207 13452.848227 2.393274 0.353550 101.339259
-12566.582246 -5457.127823 -0.960061 2.210811 175.112765
-10160.254401 -9349.315193 -1.625735 1.766748 162.441812
-7496.077820 -11710.416951 -2.015059 1.289880 145.843355
-1841.035706 13888.871106 2.362786 0.313199 185.989212
11243.365806 -8516.743706 -1.434333 -1.893532 134.682545
11738.900935 8000.383004 1.333026 -1.955938 179.801674
-4859.163502 -13462.484956 -2.218093 0.800601 105.828900
-9682.289105 -10665.583219 -1.740405 1.579951 157.589279
11316.270492 9084.719773 1.466103 -1.826233 164.776600
-13259.491084 -6140.040189 -0.980692 2.117816 172.154726
12863.434161 7124.538805 1.127212 -2.035194 199.502850
6480.411644 -13298.447036 -2.085118 -1.016090 156.051862
-14445.249613 3682.080593 0.570733 2.239055 117.922061
-5139.535836 14095.155716 2.163897 0.789025 183.893245
14820.876219 -2958.860074 -0.449278 -2.250424 111.004436
-7671.606797 -13130.423048 -1.975298 1.154091 100.732261
-13165.006114 -7813.396791 -1.163723 1.960788 110.258063
93.533811 15396.027758 2.273605 -0.013813 179.780365
9881.258012 11923.465678 1.745564 -1.446590 143.080961
15012.638164 4267.476733 0.617458 -2.172166 153.852408
-4943.728027 -14908.957321 -2.136627 0.708494 110.783304
15651.657676 -2116.097856 -0.300764 -2.224596 118.837472
-3283.744282 -15556.639568 -2.189146 0.462092 101.095909
-6364.519113 14673.792913 2.046509 0.887640 147.146999
-1013.341857 16065.977681 2.219139 0.139969 177.727347
16195.175801 308.996335 0.042285 -2.216256 174.640318
5406.011883 -15378.692400 -2.084594 -0.732789 141.258502
6870.718019 14886.022957 2.000496 -0.923339 199.812915
4506.518820 15881.035969 2.112352 -0.599416 124.728857
15844.954670 -4930.048393 -0.650650 -2.091160 138.722244
-5801.265090 -15657.271592 -2.047257 0.758541 143.132334
16795.763154 -496.533212 -0.064313 -2.175439 113.071891
-16722.654918 2465.512631 0.316502 2.146715 110.982728
4904.810250 -16264.086339 -2.072354 -0.624966 182.708200
2461.437102 16932.925235 2.134295 -0.310250 114.237519
-8827.179752 -14765.970537 -1.846190 1.103663 140.253230
4874.327476 16584.180258 2.058716 -0.605086 140.557007
-16779.200960 -4551.669925 -0.560167 2.064990 120.977751
-6532.828628 16227.385794 1.978712 0.796591 139.104740
-12989.753727 -11882.326469 -1.435133 1.568887 159.714575
17303.937612 3663.912335 0.439414 -2.075266 154.961981
-11658.739992 -13439.171634 -1.597662 1.386003 124.349808
-89.351085 17894.573999 2.108932 0.010530 123.929918
-9307.711598 15394.562543 1.799974 1.088283 171.624372
5624.886245 17197.359584 1.993405 -0.652000 151.326416
6580.082648 -16975.257693 -1.949519 -0.755688 174.040483
8901.148926 -15975.763582 -1.822381 -1.015369 140.498837
10912.810795 -14807.604265 -1.674508 -1.234068 160.959538
13575.296486 12577.315354 1.409436 -1.521271 115.202954
2712.101679 -18395.208140 -2.046796 -0.301770 146.310044
11860.889360 -14470.799692 -1.595123 -1.307431 108.133217
16663.593633 8678.029710 0.950685 -1.825510 111.455778
-15480.697237 10833.761084 1.176763 1.681513 175.115199
-17807.124727 -6587.439339 -0.710362 1.920247 100.207388
11446.906087 -15292.210973 -1.634128 -1.223218 133.879345
-18217.859803 -6043.535461 -0.641165 1.932751 153.858416
-10846.200788 -15971.614611 -1.679702 1.140673 134.784919
19023.148552 -3777.456757 -0.394558 -1.986980 117.917357
-8971.715275 -17312.551669 -1.793782 0.929574 103.068644
19387.690651 -2964.485242 -0.304484 -1.991318 114.967637
9227.328529 -17388.901946 -1.776172 -0.942516 192.336581
17507.013664 -9225.241169 -0.934925 -1.774234 178.307809
-958.974692 19888.329061 1.996990 0.096291 185.953212
-7179.598488 18679.223968 1.861533 0.715504 126.255520
13949.443008 -14459.872200 -1.432426 -1.381861 181.922932
8956.006950 18114.797590 1.779040 -0.879562 167.192966
15300.786922 -13322.882297 -1.300656 -1.493751 122.318853
5648.010559 19595.920796 1.898258 -0.547123 187.857599
-9173.093334 -18327.055225 -1.762246 0.882043 184.786956
-15845.575186 -13161.999196 -1.255980 1.512060 152.211663
-14562.446139 -14706.810546 -1.393468 1.379789 149.846296
751.186390 -20776.658719 -1.955321 -0.070695 132.652837
-13614.537559 -15838.882401 -1.480377 1.272479 124.981092
-20823.113325 -2672.385726 -0.247851 1.931245 150.760980
-1025.966726 -21063.501739 -1.940413 0.094514 181.616873
-21204.834764 -401.281356 -0.036653 1.936856 168.875187
-16277.036273 -13715.802430 -1.246040 1.478721 186.576405
17239.408653 -12698.937499 -1.143464 -1.552307 175.219363
4342.053691 21064.254006 1.884101 -0.388377 195.763601
-8521.898473 -19839.999045 -1.764047 0.757713 163.412070
19208.332310 10112.657855 0.892021 -1.694335 124.474817
-205.859017 21786.561071 1.911208 0.018059 187.085056
-4841.256546 21353.090733 1.859405 0.421571 162.698568
-19160.663671 -10831.451772 -0.935794 1.655405 126.430551
-7145.578008 -20917.942131 -1.795652 0.613396 178.488392
-22102.464703 2029.040793 0.173112 1.885721 152.751436
-22285.434780 514.660527 0.043626 1.889066 103.078099
-16892.575596 14731.792564 1.238539 1.420201 164.253300
16084.344646 15751.642550 1.315578 -1.343366 154.194397
-16732.957531 15193.576350 1.261479 1.389289 175.970033
14396.391168 17562.582846 1.447844 -1.186826 144.547846
3549.475021 22527.243464 1.845396 -0.290767 152.264416
-21327.173970 -8323.799738 -0.677909 1.736933 177.427552
-18708.470581 13382.100867 1.082206 1.512948 105.990466
21505.791426 8420.253966 0.676810 -1.728611 164.208679
-19280.331513 12924.088150 1.031057 1.538146 134.005121
-17146.914036 -15793.729296 -1.251818 1.359072 182.572759
-20273.383239 -11688.408245 -0.921132 1.597691 132.230446
-23472.854991 -835.833609 -0.065507 1.839652 170.835780
21818.984726 9021.567879 0.701544 -1.696710 183.175717
15472.802132 -17944.154402 -1.388033 -1.196867 121.461920
-23218.871093 -5270.623833 -0.404731 1.782975 135.540685
12098.701590 -20614.679501 -1.573747 -0.923628 158.064849
-19249.327796 14341.680703 1.087902 1.460177 114.015503
-575.794508 -24086.973227 -1.816997 0.043435 154.153629
-17428.384262 -16795.467974 -1.258321 1.305739 160.096098
-23905.281085 -4355.521281 -0.324409 1.780522 100.718099
21533.689815 11492.385411 0.850217 -1.593083 162.596035
11933.013062 21397.215519 1.574150 -0.877888 120.949271
24403.364767 3061.873910 0.223953 -1.784920 171.541407
-9945.104317 22610.642690 1.643118 0.722712 177.784513
16417.653321 18603.390371 1.342876 -1.185100 164.153406
-3465.897065 -24656.819377 -1.770475 0.248868 117.733143
-18334.834241 17000.150747 1.213067 1.308305 101.222291
-11249.093849 -22426.535472 -1.592030 0.798558 141.051401
-9483.446286 23355.778559 1.646364 0.668494 115.708864
3499.425635 -25064.808196 -1.756351 -0.245213 177.946118
-23872.658998 -8665.346907 -0.604020 1.664050 130.841259
24386.793438 7462.322101 0.516915 -1.689273 138.647589
-17572.262886 18608.896158 1.282134 1.210711 155.559504
21525.843411 -14017.843936 -0.960556 -1.475033 157.547037
8214.353973 -24464.807827 -1.664816 -0.558982 189.158034
-4188.764742 25571.542069 1.729531 0.283307 102.656910
20012.179787 -16618.475247 -1.117491 -1.345697 175.471217
25020.065897 7412.599541 0.496096 -1.674493 113.591422
8428.632549 -24806.942707 -1.650286 -0.560716 181.226202
-24057.901176 -10608.752453 -0.701993 1.591937 112.380679
25386.837319 -7252.160829 -0.476908 -1.669458 189.627612
-24933.913331 -9016.122931 -0.589168 1.629333 145.197447
18182.772634 -19415.988634 -1.262562 -1.182370 149.925964
25942.615323 -6262.964334 -0.405266 -1.678702 186.988880
-8839.907901 -25315.634491 -1.626530 0.567964 177.848115
-20928.648604 -16876.575433 -1.080040 1.339358 158.044354
-26474.218437 -5343.450665 -0.339635 1.682728 185.642445
18018.156929 -20258.712299 -1.280256 -1.138664 174.657890
-16971.622843 21264.039133 1.336803 1.066952 179.244320
-18970.217874 -19646.382365 -1.228077 1.185811 159.497831
7293.656423 26418.810631 1.642666 -0.453504 116.136522
12825.397419 24315.578968 1.505003 -0.793823 111.756428
-9565.128692 -25895.585932 -1.592794 0.588335 167.306821
6941.002468 -26818.098416 -1.640961 -0.424710 154.329106
4961.754849 -27348.670671 -1.665002 -0.302074 150.607797
7513.478175 -26882.285330 -1.626292 -0.454541 120.296301
-25840.742271 -10803.558135 -0.650234 1.555278 181.127759
-27552.686078 5522.194282 0.330727 1.650142 134.324462
10974.212768 25970.960010 1.547659 -0.653974 120.937812
27876.316579 4949.177229 0.293091 -1.650841 156.676673
2739.278376 -28254.613213 -1.666631 -0.161580 119.487162
27361.911999 -7939.833730 -0.465790 -1.605185 140.210538
-17644.389434 -22522.296650 -1.312952 1.028591 157.494391
8287.822009 27474.277635 1.594412 -0.480966 126.898224
-27880.103771 -7269.649623 -0.419352 1.608271 105.969075
-27910.695127 7451.943982 0.428170 1.603679 183.864977
3119.747064 28844.494709 1.646690 -0.178102 163.242840
627.072791 -29086.254691 -1.653622 -0.035651 119.573882
26645.156392 11942.966882 0.675282 -1.506576 166.449524
28921.892236 -4605.582341 -0.259250 -1.628026 185.095968
28226.783187 8194.317371 0.458772 -1.580323 187.893893
3317.741456 29317.074022 1.632022 -0.184692 164.470910
24743.257394 16230.386570 0.899520 -1.371320 160.024468
-29688.909866 793.983806 0.043764 1.636445 124.480529
-24692.272705 16685.624998 0.914999 1.354064 144.827974
-29706.392863 -3365.924458 -0.183699 1.621255 198.914920
-28007.265434 10710.750336 0.581950 1.521725 144.785718
-7694.545703 -29090.918063 -1.572269 0.415865 168.082815
11892.879295 27771.916574 1.492052 -0.638948 143.464100
4016.904011 30039.401214 1.606249 -0.214790 150.173894
-29746.198832 6286.119903 0.334531 1.583015 147.710027
23824.338997 19031.369215 1.008352 -1.262301 152.209020
-13440.127759 27502.103746 1.448744 0.707993 175.427304
10624.076788 -28790.151198 -1.510865 -0.557536 184.671698
-18159.164466 24878.995223 1.298407 0.947706 134.271309
-3360.192290 -30717.729501 -1.595374 0.174517 174.833935
-470.823947 -31010.829352 -1.601768 0.024319 126.655875
30035.567137 -8085.483344 -0.415811 -1.544634 170.864890
15601.467679 -27005.134288 -1.383245 -0.799132 141.785440
-29130.522635 -11457.985127 -0.583663 1.483892 160.355339
15993.057093 27007.045234 1.370184 -0.811397 183.251258
-27070.940413 16112.001582 0.812934 1.365869 129.960360
-2904.208396 31461.765301 1.580433 0.145888 140.693184
-20112.340707 24490.987653 1.224716 1.005754 172.944119
25989.888883 -18326.003424 -0.911662 -1.292916 153.611390
-29250.170371 12713.491276 0.629709 1.448783 188.664073
-27531.300774 16313.592230 0.803938 1.356749 161.967144
28505.220947 14744.742401 0.723527 -1.398756 136.763443
15247.418558 28367.360359 1.384702 -0.744275 132.626852
3749.564664 -32075.137712 -1.559287 -0.182280 116.006895
17850.332973 -27025.589959 -1.308036 -0.863954 171.999540
-30186.407939 12036.173950 0.579622 1.453676 188.498680
8153.164611 -31574.042586 -1.512658 -0.390604 129.975225
32602.688642 -2541.646828 -0.121253 -1.555361 156.453642
-32279.336262 -5751.284095 -0.273294 1.533874 192.414461
13349.793795 -30085.439072 -1.421383 -0.630709 182.685656
-22863.097505 23800.609717 1.119932 1.075818 126.182146
-21831.748832 -24897.909090 -1.165678 1.022125 167.689650
-13603.131374 30278.317428 1.412471 0.634581 175.290983
-26662.850272 -19946.995390 -0.926130 1.237944 192.450246
-6288.788583 -32792.529861 -1.516281 0.290785 169.341332
21760.254364 25452.841306 1.171818 -1.001816 153.674269
32603.220645 -8105.385595 -0.371348 -1.493714 197.658076
-33560.936509 -3193.990196 -0.145572 1.529599 176.720057
-26738.088007 -20693.267301 -0.939046 1.213356 175.531912
-29582.292680 -16566.364376 -0.748619 1.336797 128.364948
14957.005910 30547.826809 1.373868 -0.672681 110.053102
21527.997238 26449.545350 1.184829 -0.964364 147.252248
-31041.865938 14344.312639 0.639957 1.384902 110.827276
25136.097408 -23328.677089 -1.036339 -1.116631 142.563626
32635.043025 10922.665629 0.482669 -1.442133 102.816637
27072.242926 21386.398721 0.941523 -1.191839 174.837567
-33567.188897 8389.856849 0.367769 1.471418 188.586777
-25347.295101 23687.672359 1.034176 1.106633 184.757449
5671.798040 34319.961041 1.492387 -0.246635 136.293703
27425.796005 -21573.493314 -0.933740 -1.187039 196.806929
16103.630766 -31071.898245 -1.338915 -0.693919 154.961200
-32253.414185 13874.858749 0.594966 1.383054 172.723659
10272.604439 -33682.770368 -1.437998 -0.438562 186.857749
30501.784593 17763.241255 0.755690 -1.297617 129.990322
32590.871360 13815.063032 0.585215 -1.380571 118.128273
-31083.272615 -17129.061852 -0.722765 1.311566 123.271143
31848.150770 15878.736616 0.667282 -1.338374 133.917612
-17960.790395 30867.327353 1.290328 0.750804 180.042905
-20961.676049 29013.341780 1.208718 0.873280 118.100664
-21317.790190 -28875.899912 -1.198017 0.884442 140.505351
34316.846671 10908.504783 0.450383 -1.416850 129.942620
31739.328871 -17201.085489 -0.707479 -1.305435 112.594618
29503.498524 -20970.231738 -0.859072 -1.208648 156.150995
-12999.630239 33898.661134 1.382453 0.530150 135.902734
-1703.455337 -36371.348926 -1.476855 0.069169 144.300080
32545.012919 -16498.812440 -0.667814 -1.317308 150.684367
36572.584829 -1373.699644 -0.055352 -1.473650 108.729861
31026.778737 -19587.503362 -0.786224 -1.245386 116.094640
13548.899367 34212.668702 1.367368 -0.541505 149.498759
-34071.641485 14193.979952 0.564703 1.355529 184.474132
3664.346987 36806.998304 1.459667 -0.145318 149.385706
1888.203044 -37044.639688 -1.462930 -0.074567 154.286584
21652.325410 30261.019808 1.189414 -0.851048 146.429014
20658.471910 -31045.087753 -1.216269 -0.809347 136.640272
-7599.071414 -36623.573447 -1.428306 0.296361 167.483984
16814.279931 -33506.614953 -1.302294 -0.653517 141.776788
-4739.349329 37291.506883 1.443469 0.183449 134.356251
-37500.262046 -3839.343414 -0.147993 1.445499 133.809150
35434.603703 -13193.599654 -0.506250 -1.359657 124.892933
6085.275480 -37414.846267 -1.430228 -0.232617 143.901305
31730.342627 -20893.156287 -0.795993 -1.208871 187.641193
19320.620853 32846.635522 1.245676 -0.732715 111.073798
38002.226844 -3797.669580 -0.143548 -1.436449 186.922777
19955.914042 32693.168461 1.230404 -0.751039 102.045881
8063.507378 -37536.422259 -1.407701 -0.302400 186.433429
32725.877705 -20289.742348 -0.757578 -1.221919 158.213696
26865.218209 27696.709074 1.030913 -0.999963 140.657825
-38686.172861 -860.028496 -0.031875 1.433813 167.683429
-27419.643246 27456.354997 1.013382 1.012027 119.333412
32692.088950 21056.520542 0.774679 -1.202757 113.708439
-12254.069255 37038.163782 1.356040 0.448646 191.313861
36879.528824 12946.601993 0.472667 -1.346434 182.092299
-5077.686951 38881.908572 1.412698 0.184488 198.638371
23863.947151 -31240.973329 -1.130725 -0.863724 197.103071
29969.253034 25590.662269 0.922840 -1.080739 113.389134
9388.004238 -38364.108567 -1.378878 -0.337422 191.796640
14071.256525 -37024.511963 -1.325080 -0.503600 183.009956
20027.795186 34276.288780 1.222539 -0.714335 195.758943
5526.847212 -39418.801676 -1.400357 -0.196342 146.138240
16491.232875 -36341.798402 -1.285997 -0.583562 183.646608
-2536.478788 -39925.387164 -1.407650 0.089429 192.758178
5696.985974 -39693.763964 -1.394533 -0.200148 122.858656
-18302.935337 -35791.763902 -1.252777 0.640636 128.234627
-33000.707212 -23129.658469 -0.806595 1.150826 155.315105
-30176.477425 26866.380400 0.933289 1.048276 140.740360
762.792893 -40493.599864 -1.401595 -0.026402 151.994377
-39939.742893 -7268.199077 -0.250691 1.377580 130.853943
40398.413385 -4899.342760 -0.168371 -1.388333 111.675310
-28549.951934 -29158.429176 -0.997869 0.977045 128.267626
-34477.722454 22008.423020 0.750554 1.175795 105.523825
32292.436240 25264.502814 0.858515 -1.097331 187.345212
-29565.210404 -28561.667802 -0.966774 1.000742 161.372979
28987.473435 29258.410796 0.987529 -0.978384 138.680924
-33450.481126 -24228.317475 -0.814293 1.124242 106.191825
10764.071620 39960.976386 1.339054 -0.360694 165.951562
-4170.052855 -41290.883262 -1.377841 0.139151 104.393564
35058.014717 22412.995932 0.744958 -1.165251 179.731527
-34380.140755 23622.805492 0.782249 1.138469 132.623278
17914.053819 37758.062127 1.246806 -0.591539 130.752244
10634.400162 -40521.616338 -1.333194 -0.349880 193.451837
-20303.797211 36754.830979 1.205110 0.665717 134.430495
34333.106281 24379.455521 0.795979 -1.120962 145.002081
25135.588027 33885.120164 1.103127 -0.818287 107.258894
383.979414 -42290.150578 -1.371781 -0.012455 119.839304
3240.101307 -42287.731990 -1.365896 -0.104655 179.846382
-11368.313523 40964.818872 1.318438 0.365885 100.669261
28698.856840 31491.665086 1.010199 -0.920610 174.104582
36274.052000 22502.173805 0.719808 -1.160349 183.162300
-19880.831786 37897.811284 1.207652 0.633523 123.601358
-31152.835600 -29485.472061 -0.936365 0.989315 141.559995
10137.408698 -41792.370778 -1.322089 -0.320694 120.684821
-39095.937217 -18112.585311 -0.571321 1.233195 153.734012
-3568.004574 -43042.340294 -1.352860 0.112146 163.566226
42341.022780 -9042.944221 -0.283185 -1.325935 178.416089
26782.014058 -34138.032218 -1.065583 -0.835972 153.598706
10590.756235 -42180.835013 -1.312083 -0.329438 129.854437
-43273.691860 -5424.131049 -0.168015 1.340422 159.177659
-38741.042198 -20235.022435 -0.624748 1.196113 172.422315
40811.693700 -15940.576816 -0.490355 -1.255427 181.263714
2777.524819 43808.846715 1.343828 -0.085200 113.969483
32589.366244 -29566.845317 -0.903676 -0.996056 176.063446
43582.254175 -6666.240977 -0.203149 -1.328140 154.890815
27746.437196 34416.571921 1.044587 -0.842140 111.824570
-44270.595944 -1660.545245 -0.050240 1.339417 185.545634
-21752.664462 -38692.363915 -1.167243 0.656218 182.245833
23296.519400 -37910.871226 -1.139469 -0.700212 167.876728
-537.012508 -44611.284873 -1.335555 0.016077 146.831882
-44621.164054 2756.798331 0.082278 1.331742 198.842823
-43907.577000 8900.588704 0.264804 1.306306 156.532829
28958.401091 -34319.867260 -1.017508 -0.858552 150.654143
-43732.865902 10593.553730 0.313104 1.292572 174.658603
-36519.317952 -26488.137385 -0.779856 1.075191 162.976703
-31632.875521 32268.942471 0.947734 0.929053 160.610525
41087.887757 -19107.109305 -0.558840 -1.201729 174.818963
44859.656416 7035.360528 0.205125 -1.307944 125.441320
-39404.741340 22745.680954 0.661206 1.145477 192.323980
-36999.739431 26674.146002 0.772498 1.071533 176.136203
35430.446420 28883.818836 0.833758 -1.022732 150.982572
-31487.917520 -33257.485808 -0.957275 0.906340 100.025387
-11411.007832 44473.623983 1.275303 0.327216 146.866006
-11204.029520 -44621.489362 -1.275690 0.320314 133.064423
-19401.491393 -41813.597731 -1.191959 0.553068 179.305461
5519.407679 -45882.898255 -1.302946 -0.156736 139.323129
-10730.854227 -45045.599543 -1.275340 0.303814 176.683655
-46012.368299 6090.886414 0.171847 1.298183 169.803126
41275.018543 -21440.343063 -0.603008 -1.160857 172.280249
24234.877340 -39807.425605 -1.116237 -0.679569 113.969461
-3295.685522 -46573.129062 -1.302377 0.092161 154.048422
12764.310334 45014.874278 1.254768 -0.355799 164.939446
20083.120501 42386.571339 1.177198 -0.557767 127.906249
37919.577729 -27791.763224 -0.769153 -1.049446 156.918312
130.043853 47107.189734 1.299826 -0.003588 128.039080
12999.877953 45363.207307 1.248452 -0.357773 196.159370
39852.967935 -25498.676375 -0.699020 -1.092528 173.103750
32020.172453 -34953.735178 -0.955465 -0.875276 144.417856
-19.788213 -47494.792158 -1.294519 0.000539 192.347519
-37300.013033 29569.792060 0.803310 1.013313 184.769468
-45684.360460 -13668.125890 -0.370310 1.237723 168.515584
-14923.091195 -45415.736389 -1.225835 0.402795 142.428690
-20836.895815 43144.926076 1.160594 0.560510 163.041615
-7275.500376 47445.544107 1.272809 0.195178 181.008503
47729.688588 6025.669721 0.161103 -1.276106 170.987956
26139.795927 40505.105312 1.079620 -0.696728 195.956678
44381.508587 19055.344490 0.506450 -1.179565 116.525194
-23859.596009 -42124.862667 -1.115659 0.631911 107.512466
48479.861187 -1719.658405 -0.045407 -1.280092 194.359816
-47143.725804 11831.785888 0.311494 1.241147 169.391222
-47689.699196 9850.167120 0.258601 1.252021 108.742889
34756.708052 34268.003957 0.896540 -0.909325 163.397389
45566.980727 17738.728624 0.462826 -1.188900 133.380109
-45181.211508 -18944.699878 -0.492865 1.175433 165.557054
-28379.730575 40084.090426 1.038965 0.735593 192.992648
40784.695306 27540.249936 0.711685 -1.053943 194.992351
-44374.104045 -21451.781367 -0.553085 1.144085 110.879293
-49345.425332 2087.849163 0.053663 1.268310 117.337129
-26091.819701 42050.772878 1.077599 0.668632 184.168985
48654.042264 9685.417623 0.247294 -1.242263 183.655108
-41799.388093 26907.746166 0.684898 1.063943 129.764961
12007.146067 48331.175680 1.226903 -0.304805 176.546965
-30932.050916 -39169.527715 -0.991046 0.782626 188.940566
37747.519140 -32789.131580 -0.827382 -0.952499 194.852013
26510.497114 -42508.766881 -1.069499 -0.666991 151.199618
288.834442 -50195.588013 -1.259180 -0.007246 186.022460
23746.153464 -44341.608960 -1.108907 -0.593850 195.479910
50033.666642 -6106.105707 -0.152225 -1.247340 152.675719
44670.666898 23554.089171 0.585543 -1.110491 102.027740
33894.874928 -37563.477876 -0.931178 -0.840236 135.883495
-1803.895124 -50672.062025 -1.252087 0.044574 139.012450
-1913.368814 50761.076642 1.250845 0.047149 179.930188
40930.542611 30246.822371 0.743214 -1.005730 101.065400
-40908.620741 -30441.675144 -0.745836 1.002282 165.459702
50025.048966 10463.438413 0.255492 -1.221491 154.121595
-43784.864030 26545.749895 0.646365 1.066122 138.039036
41960.818009 -29515.969536 -0.716615 -1.018763 113.168703
-47109.463383 -20528.327790 -0.497157 1.140903 196.035790
46568.425576 21964.647491 0.530384 -1.124496 194.152763
-43741.115960 27371.468584 0.658816 1.052825 101.879437
49192.001483 15942.698748 0.382489 -1.180190 188.607035
-49640.718184 14817.222299 0.354521 1.187717 163.078445
-897.208178 -51897.496685 -1.238115 0.021405 188.691059
51875.443142 -3522.347955 -0.083815 -1.234390 198.824983
-2155.590544 -52066.523624 -1.234793 0.051121 159.037272
-32739.051668 40647.453653 0.961728 0.774613 162.320574
46851.834678 -23234.204914 -0.548088 -1.105221 103.667240
51846.795605 7561.557304 0.177871 -1.219593 193.956562
33681.549746 40263.202325 0.944454 -0.790068 150.525672
-39699.263583 -34497.952733 -0.806899 0.928556 157.543552
-52233.878533 6923.209757 0.161487 1.218380 198.665312
32733.903405 41440.884847 0.963365 -0.760956 103.655914
22016.392636 -48107.657890 -1.115284 -0.510408 149.062322
31612.543083 42547.259450 0.983597 -0.730811 123.825102
52706.447177 6399.898510 0.147585 -1.215436 122.796269
-6788.965742 52777.422421 1.213003 0.156033 197.175440
-30487.850049 -43735.650613 -1.002335 0.698721 132.985074
53396.648593 -1262.161869 -0.028847 -1.220373 125.705083
-10496.287024 52456.907610 1.196033 0.239319 128.011185
-46164.814383 -27262.964623 -0.619566 1.049120 141.931120
8235.572008 -53078.474573 -1.202884 -0.186638 103.348383
-44496.033967 -30267.521061 -0.684002 1.005545 151.275425
-17492.993563 50981.765786 1.149398 0.394384 165.642432
54001.813216 -715.046561 -0.016073 -1.213864 147.514806
-11560.973134 52863.999423 1.184771 0.259101 162.352248
18834.119168 50835.767826 1.136191 -0.420947 164.276354
34752.288554 41712.669982 0.930230 -0.775007 191.326158
53732.458387 8496.985108 0.188928 -1.194725 156.670364
-47000.494353 27606.800590 0.611999 1.041926 156.344763
-40178.306248 36958.016643 0.817442 0.888669 184.502116
-27682.292795 47169.058243 1.040402 0.610585 143.021862
-24522.725544 49015.300457 1.077712 0.539188 120.511033
18131.248385 -51816.612154 -1.136515 -0.397680 180.048076
-54489.197344 -7562.300560 -0.165351 1.191412 110.324050
-54002.072761 10945.532467 0.238748 1.177911 110.163937
-41664.385354 36193.293774 0.787545 0.906593 138.605010
-36862.597812 -41204.181312 -0.894211 0.799990 157.967843
35597.643848 42454.615321 0.918431 -0.770092 171.919676
49205.101567 -25653.103334 -0.553656 -1.061966 174.417070
38509.028737 40085.779093 0.862924 -0.828981 115.985697
-37052.288581 41587.350360 0.892527 0.795198 154.169109
41516.846157 37290.318066 0.798024 -0.888473 187.632619
-55306.094638 -8121.209978 -0.173358 1.180582 120.032140
-46387.697530 31375.729503 0.667908 0.987474 100.429995
47503.745199 -29853.001063 -0.633743 -1.008447 152.651286
52304.959611 20522.174581 0.434712 -1.107954 199.492282
40774.050854 38828.476771 0.819916 -0.861000 138.128422
-308.249390 -56395.030220 -1.187958 0.006493 101.544780
52627.614466 -20524.392371 -0.431286 -1.105881 115.446440
56033.708871 -7936.647931 -0.166312 -1.174186 107.844586
-53344.742613 19242.578151 0.401989 1.114403 120.670338
42086.347368 38152.431866 0.795001 -0.876974 157.272080
-48132.324532 -30367.797646 -0.631021 1.000156 168.925236
28820.111174 49190.771576 1.019458 -0.597285 121.272240
31439.035135 -47662.437242 -0.985558 -0.650093 161.827897
47571.493832 -31756.666989 -0.654942 -0.981103 152.944456
-54534.491512 -17614.838824 -0.362225 1.121428 158.898271
48847.675345 -30161.612790 -0.618605 -1.001850 171.015499
57104.210822 6852.169858 0.140152 -1.167995 145.966504
-12675.296660 56173.907266 1.146802 0.258769 140.096050
48008.061077 31994.371224 0.651369 -0.977389 137.906252
10002.711414 -56937.634250 -1.155662 -0.203025 182.418971
-30245.408557 -49372.623783 -0.999762 0.612449 194.145242
-54976.734159 -18502.156370 -0.373626 1.110181 153.133139
56855.182876 -11939.007412 -0.240541 -1.145490 169.706714
-41899.506065 40409.912998 0.811729 0.841651 154.029905
28152.001747 51051.041427 1.023168 -0.564224 144.707720
57762.200117 -8539.701446 -0.170752 -1.154960 199.708004
54173.274791 -22089.724134 -0.440398 -1.080040 190.950433
58053.307122 -7881.489491 -0.156802 -1.154966 192.852075
8899.918166 58018.599100 1.150991 -0.176559 121.398628
56410.312104 16564.187879 0.327812 -1.116382 130.759200
-55527.930513 -19613.925734 -0.387196 1.096171 108.566410
-9503.751547 58235.768682 1.146239 0.187060 174.852398
-44226.676389 -39197.756879 -0.769739 0.868494 130.047161
-58942.439199 5656.910184 0.110760 1.154067 126.801984
55509.522351 -20851.616005 -0.407404 -1.084559 164.609150
45368.976974 38335.516444 0.747120 -0.884195 181.597080
-3948.098607 -59362.738196 -1.154082 0.076756 179.310554
6899.081884 -59191.030026 -1.147911 -0.133796 173.196011
26471.813064 53508.067255 1.034926 -0.512004 171.098039
-50308.323264 32341.862680 0.623827 0.970374 193.686974
-51995.791438 -29759.713416 -0.572548 1.000348 198.234897
-14180.236299 58302.747385 1.119096 0.272184 153.667043
-22155.645351 -55879.432182 -1.069665 0.424112 181.255653
-40534.696068 -44493.935878 -0.850064 0.774422 142.828624
59720.684039 8402.215954 0.160049 -1.137587 191.330411
-50726.050837 32793.747611 0.623205 0.963987 185.659286
-17014.714774 -58055.156817 -1.100703 0.322592 196.830748
54683.727172 -26090.739291 -0.493544 -1.034423 170.811301
-41015.109354 44760.637783 0.844176 0.773536 147.696996
45765.032230 40040.447825 0.753327 -0.861031 165.394084
57417.054877 -20323.991831 -0.381442 -1.077608 106.321535
-60152.503013 -10097.276774 -0.189105 1.126558 164.624592
-51037.842057 33569.912761 0.627253 0.953641 193.436394
-57422.295542 -21172.637240 -0.394517 1.069968 162.463655
-36437.744910 49293.232129 0.916308 0.677339 125.736279
59648.859488 -14535.714966 -0.269572 -1.106217 127.961987
-41047.813004 45787.797974 0.847106 0.759413 168.848783
-61608.413687 -880.232587 -0.016237 1.136436 139.347099
-36062.690636 50062.463567 0.921566 0.663853 132.309011
41344.224039 45918.294785 0.843440 -0.759422 169.133147
49879.454169 -36639.830476 -0.671349 -0.913938 180.578705
18266.226645 59258.537258 1.082656 -0.333725 175.212096
-25665.368158 56556.922994 1.030852 0.467798 127.885717
40023.664170 -47608.125860 -0.865888 -0.727943 168.646731
-26021.365519 56610.310413 1.026949 0.472045 124.297122
-42136.424005 -46042.137248 -0.833060 0.762393 159.446039
53566.104165 -32207.970301 -0.581485 -0.967087 155.690562
51517.994094 -35536.036962 -0.640313 -0.928287 192.341245
-43257.752497 45380.863925 0.815559 0.777404 142.594098
-62708.147307 3119.347384 0.055938 1.124513 177.547162
-28146.304398 -56262.204763 -1.005935 0.503240 190.887411
-62946.880794 -2644.850023 -0.047184 1.122974 180.849741
-8535.011202 62530.992036 1.112683 0.151873 101.101195
-33590.735297 -53535.754505 -0.950573 0.596432 132.897429
-22483.120080 59181.897348 1.048155 0.398193 119.067064
6272.791599 63085.408345 1.114968 -0.110865 150.940511
36946.683433 -51661.112234 -0.910540 -0.651195 114.177058
39669.431351 -49726.094547 -0.874416 -0.697573 105.607451
23831.765078 59067.192972 1.036652 -0.418257 196.042992
15186.494090 61952.773010 1.084912 -0.265945 133.180677
61865.915091 16051.052391 0.280246 -1.080156 182.414590
-46438.642016 -44051.533509 -0.767425 0.809011 150.066265
-63624.567849 7864.699345 0.136690 1.105808 100.760296
63289.171372 10708.264930 0.185765 -1.097926 127.933075
25633.166785 -58963.634192 -1.020366 -0.443582 194.048258
20276.545199 61134.837811 1.055100 -0.349944 124.842123
41304.435233 49557.955948 0.853227 -0.711128 148.276658
64572.101607 1321.062336 0.022707 -1.109871 133.200645
-17201.478162 62386.426196 1.069104 0.294778 118.961184
-40660.678053 50448.201734 0.862921 0.695505 137.867287
-31985.745279 56458.020550 0.963606 0.545921 159.052100
48841.107197 42896.183245 0.730195 -0.831391 163.094328
54496.210033 -35619.375420 -0.604927 -0.925513 125.206067
63991.617523 12560.790415 0.212789 -1.084066 173.273033
-36335.807126 54269.964112 0.917301 0.614168 175.941958
32716.220746 56615.296462 0.955244 -0.552006 157.509963
44536.263264 48032.790615 0.808311 -0.749471 177.423087
38078.094904 53433.172458 0.896931 -0.639180 191.371892
44252.267884 48546.060631 0.813488 -0.741537 191.697623
-61895.482336 22328.794357 0.373215 1.034553 120.994377
-57401.287261 -32346.082665 -0.539570 0.957519 156.809317
12628.784000 64787.163881 1.077804 -0.210093 190.029853
43454.102061 -49827.853044 -0.826918 -0.721142 101.505727
15908.092680 -64266.457618 -1.064312 -0.263453 192.338133
-37742.855319 -54507.027173 -0.900793 0.623745 195.424500
7034.394613 -66012.374538 -1.088782 -0.116023 129.831892
-43419.739927 50380.738215 0.828652 0.714159 146.500819
-17116.429378 64369.926918 1.056421 0.280910 159.608340
-56101.775930 36083.922261 0.590901 0.918708 174.761905
55300.388701 -37490.240308 -0.612466 -0.903425 188.004506
66814.348678 -3336.502949 -0.054401 -1.089395 132.516819
-16633.500918 -64896.878451 -1.055833 0.270617 190.713435
-28564.521302 -60710.920325 -0.985513 0.463684 112.660619
-49787.342726 45123.035611 0.730880 0.806430 199.118666
37703.282351 -55736.829428 -0.900812 -0.609356 178.020653
49655.243136 -45575.904712 -0.734807 -0.800577 143.414837
-23540.747276 -63277.271076 -1.017620 0.378580 120.143342
-58947.297721 33094.867909 0.531191 0.946138 156.482826
62804.827506 25260.901026 0.404622 -1.005989 185.633934
57796.016440 -35429.379876 -0.566287 -0.923786 126.557850
-33793.282088 58894.205288 0.939057 0.538828 117.121862
-38860.110508 -55799.788584 -0.887810 0.618289 116.378069
67924.288013 -4913.511931 -0.077998 -1.078248 187.420801
960.588539 68194.743645 1.080168 -0.015215 155.456122
-66230.782147 16663.700042 0.263403 1.046909 193.757067
67348.323139 -11993.729122 -0.189115 -1.061936 178.265592
64945.976624 -21821.684170 -0.343282 -1.021680 166.491661
-67995.615526 -9093.045905 -0.142773 1.067622 135.858362
37226.183885 -57735.920142 -0.904637 -0.583280 177.737586
66451.171522 17841.319622 0.278890 -1.038743 183.826956
-62920.963547 -28098.078885 -0.438215 0.981310 175.120849
69013.584641 -380.711982 -0.005924 -1.073876 108.428581
-64502.464598 -24814.172654 -0.385311 1.001586 173.780006
53602.489632 43761.476297 0.678247 -0.830770 172.680850
-64316.212064 25793.574772 0.398919 0.994702 197.469246
19751.230478 66518.694606 1.026687 -0.304852 143.569695
33425.651685 60944.516844 0.938218 -0.514576 140.814087
-21173.052012 -66290.598654 -1.018744 0.325384 135.703243
59244.062118 36743.186055 0.563166 -0.908039 187.845500
-4012.310682 -69692.877512 -1.066005 0.061371 172.002766
-64155.263191 -27752.948927 -0.423660 0.979355 176.179545
-66184.765461 -22804.494384 -0.347355 1.008118 132.892657
-60314.561220 35714.558839 0.542927 0.916893 132.855537
34312.342095 -61228.406336 -0.928959 -0.520588 188.728805
27594.972645 64642.963859 0.978689 -0.417785 199.631126
-30986.382087 63213.502702 0.954742 0.468001 143.583154
50054.945888 49663.081715 0.748294 -0.754198 163.999726
-15231.982394 68929.635702 1.036810 0.229113 181.024183
12222.892022 69624.147103 1.045116 -0.183476 151.139353
70804.419493 -928.210445 -0.013897 -1.060096 159.979168
-70007.441224 -11235.846526 -0.167895 1.046105 134.101480
46294.036609 53849.236861 0.802790 -0.690157 190.628149
-70820.853600 6215.542347 0.092506 1.054027 145.937244
-65839.380248 -27076.732611 -0.402163 0.977893 187.449568
-54112.074811 -46412.163944 -0.687898 0.802022 170.621240
57884.087525 41806.374307 0.618162 -0.855892 189.209329
71435.800082 -2830.753995 -0.041778 -1.054296 121.479426
1930.616667 71560.133578 1.054044 -0.028437 133.923191
-50931.864315 50468.329239 0.741580 0.748391 162.398987
10821.421098 70969.220211 1.040902 -0.158717 184.644398
37573.925096 -61300.672542 -0.897027 -0.549828 184.486382
12771.494422 -70855.107963 -1.034741 -0.186510 137.045785
68836.505681 21482.309360 0.312977 -1.002884 150.751190
20256.484136 69307.412090 1.007726 -0.294528 199.382602
-45259.633029 56378.941382 0.818197 0.656828 155.620871
68295.055705 -24016.779158 -0.347844 -0.989142 116.935242
32755.959138 64679.910056 0.934721 -0.473372 126.895412
16092.133541 70805.896322 1.020922 -0.232026 126.315467
6663.669613 -72394.193392 -1.041913 -0.095905 150.898651
62606.709624 -37143.007047 -0.533520 -0.899279 188.490463
-60618.852017 40477.752709 0.580279 0.869017 111.093670
24140.430138 -68895.167025 -0.985411 -0.345282 194.887815
-38918.725113 -61863.460647 -0.883289 0.555683 172.765557
-57023.619514 45876.596384 0.653688 0.812520 177.582431
35142.906766 -64330.590406 -0.914448 -0.499550 198.067243
39477.724303 61890.020978 0.877868 -0.559965 133.851118
-21004.226432 -70421.274071 -0.997286 0.297456 128.517210
-62709.235996 -38519.533100 -0.544304 0.886118 146.065245
60794.381609 41680.039103 0.587582 -0.857046 167.519405
-70143.624712 22962.942577 0.323084 0.986907 144.019045
-43972.367501 -59406.388537 -0.834084 0.617386 135.543331
14641.934561 72545.619066 1.016531 -0.205167 176.193745
-20796.054034 71122.275050 0.994734 0.290859 156.598434
-49439.817133 55320.795583 0.772272 0.690174 122.694642
74217.020066 -3358.933490 -0.046796 -1.033982 161.931938
18187.239576 -72146.049726 -1.002899 -0.252820 144.931561
45528.286667 -58984.479003 -0.818149 -0.631504 160.902841
30283.414809 68171.889671 0.943990 -0.419341 131.325204
74033.974614 9845.601194 0.136087 -1.023306 190.121839
-3254.408147 -74728.151432 -1.030557 0.044881 199.691735
-66423.327172 -34632.305757 -0.476547 0.913998 144.679288
-47376.468717 58145.040781 0.798602 0.650699 109.570881
50857.501603 -55244.411633 -0.757445 -0.697297 131.412300
42470.579743 62054.267576 0.849001 -0.581065 160.954734
-66159.394485 35989.781050 0.491235 0.903029 197.580786
74411.170424 12160.961908 0.165713 -1.013974 196.911325
65065.853681 -38270.938168 -0.520590 -0.885074 175.881596
-7779.928015 75194.619595 1.020633 0.105599 161.387009
-19876.759717 73036.655791 0.989437 0.269273 179.743031
3873.711181 -75693.907418 -1.023408 -0.052374 181.848315
-66575.476296 -36462.069235 -0.491876 0.898108 156.193324
39342.367976 65035.239442 0.875549 -0.529654 113.871726
-29240.075530 70246.013743 0.944220 0.393034 149.771337
-28510.671316 -70672.771188 -0.947745 0.382338 136.657714
-30445.675099 -69969.282278 -0.936481 0.407490 152.113288
52309.211220 55691.253041 0.743932 -0.698754 194.205302
30819.591646 70015.041346 0.933570 -0.410944 196.784874
-72669.740504 -24178.444885 -0.321834 0.967290 188.369214
32445.109557 -69511.151930 -0.923006 -0.430823 115.023568
66032.122450 39227.028287 0.519916 -0.875191 144.267340
22462.683944 -73537.599680 -0.973018 -0.297216 120.119575
-60773.761279 -47275.044812 -0.624254 0.802501 178.123605
-10999.721837 -76322.328063 -1.005563 0.144924 194.473174
-74640.304857 19682.851552 0.258918 0.981855 125.766716
38711.192881 66917.103091 0.878286 -0.508084 194.698874
42585.973758 -64638.164870 -0.846760 -0.557876 163.201584
-13733.060721 76278.451792 0.997333 0.179558 176.206409
-36330.026880 68571.843545 0.894898 0.474125 194.616189
35596.454406 69073.089651 0.899621 -0.463615 149.756130
41292.546315 -65924.764334 -0.857238 -0.536939 131.748069
71191.073653 31614.681499 0.410256 -0.923828 140.283741
-71000.080559 32267.800348 0.417979 0.919694 120.042436
-22102.169365 74893.693075 0.968298 0.285758 180.595033
-77183.200646 -12536.383552 -0.161748 0.995837 153.353833
-13197.518869 77172.746342 0.993826 0.169957 199.273570
77010.402031 -14759.640179 -0.189641 -0.989479 115.935029
-53329.154234 -57610.953108 -0.738909 0.683992 100.249535
35170.134515 70296.083215 0.899915 -0.450240 128.098685
54171.117092 -57072.988543 -0.729453 -0.692364 160.869486
78671.977905 4450.213444 0.056760 -1.003415 178.304970
-45464.415779 64496.109012 0.820858 0.578637 162.253452
-77374.973835 15870.623337 0.201698 0.983350 168.908257
-77452.264901 -16110.308234 -0.204262 0.982015 112.141109
48545.048362 -62573.068831 -0.792070 -0.614499 141.723345
56102.324794 56038.865617 0.708020 -0.708822 194.312680
78302.327362 13160.513896 0.165947 -0.987349 122.022403
-29372.123091 -73875.801195 -0.929774 0.369667 119.057815
-24475.741420 75753.190740 0.951455 0.307414 182.203790
-66477.344206 43959.425094 0.551211 0.833564 199.829544
39143.733331 -69529.470571 -0.870303 -0.489964 186.958643
-43096.128082 -67292.313736 -0.840425 0.538235 187.858427
-30661.235577 -73891.270029 -0.921272 0.382283 122.648472
-79373.623279 -10791.322278 -0.134285 0.987706 169.452381
61423.558726 -51546.074620 -0.640437 -0.763160 122.743328
251.857978 80314.252950 0.995478 -0.003122 108.288030
9516.175676 -79826.037181 -0.988013 -0.117782 120.785359
-20639.353718 77806.038106 0.961115 0.254952 123.436900
66798.727435 45088.150673 0.555980 -0.823692 192.449062
-80632.100842 -3097.693639 -0.038127 0.992423 122.438033
-24536.745098 -76971.395236 -0.945678 0.301461 163.159944
-80374.699979 -9326.702235 -0.114320 0.985179 146.362864
79983.579851 12733.425864 0.155856 -0.978991 112.330533
-46552.110324 -66422.902475 -0.811193 0.568520 181.105387
-26143.001708 -76864.249126 -0.937377 0.318820 133.282460
-31773.099664 -74824.403805 -0.910775 0.386748 122.215585
64149.747405 -50103.038346 -0.608669 -0.779313 147.178330
-22166.901670 78431.935644 0.950942 0.268761 124.105726
-81248.084508 -7591.439979 -0.091877 0.983317 153.247307
-8142.389997 -81301.986816 -0.982042 0.098351 162.701757
36240.600628 -73331.262098 -0.884320 -0.437034 113.338563
20687.687409 -79256.057517 -0.953775 -0.248958 183.462694
81601.290466 -7925.371604 -0.095246 -0.980674 135.327602
57408.614045 -58704.644887 -0.703903 -0.688363 137.841545
81999.519470 -5586.101476 -0.066883 -0.981788 103.145631
31029.119661 76222.465726 0.910845 -0.370792 172.963206
-68157.688721 -46324.959301 -0.552425 0.812781 141.606950
7090.400754 82182.321456 0.978648 -0.084434 131.099265
26323.771381 -78296.954753 -0.930417 -0.312810 160.497966
-69339.681935 -45055.994026 -0.534547 0.822649 112.006843
82494.957372 7058.837943 0.083589 -0.976881 185.455439
66551.307451 -49415.740789 -0.584160 -0.786726 167.802398
69190.142672 -45848.267721 -0.540905 -0.816286 146.906147
-12215.621913 -82210.798811 -0.967952 0.143827 145.415157
60244.310991 -57404.264551 -0.674650 -0.708028 132.781810
-1941.543152 83283.602276 0.977180 0.022780 131.749435
67425.264510 49066.394305 0.574850 -0.789938 150.606060
31968.038905 77136.032598 0.901933 -0.373795 110.137045
29309.805934 -78278.903196 -0.913849 -0.342170 133.779290
78868.756874 27994.655457 0.326210 -0.919026 113.981856
-76760.011989 33584.205674 0.390673 0.892922 173.182777
-49682.113100 -67615.575343 -0.784857 0.576692 174.541996
17013.493681 82248.615293 0.953279 -0.197190 164.422378
43198.365081 72161.585802 0.834673 -0.499664 155.154455
52776.097888 65624.413889 0.757575 -0.609253 127.843615
49340.022509 -68343.564486 -0.787849 -0.568781 115.772318
83214.252314 -14145.674555 -0.162734 -0.957312 141.156148
-70845.540867 46076.315432 0.529101 0.813530 151.173436
-80102.748774 27188.562775 0.311767 0.918525 169.929908
-66057.069991 -53007.268835 -0.606705 0.756068 150.672869
-61088.699065 -58796.791120 -0.671875 0.698065 156.104078
-33465.532497 78036.622835 0.889803 0.381587 199.562098
-84019.958676 12863.914652 0.146448 0.956518 164.509621
71380.587818 46307.295723 0.526377 -0.811386 186.274250
83140.424236 18592.313471 0.210937 -0.943258 102.697530
-24194.457218 81795.406220 0.926290 0.273990 116.925092
78839.588417 32853.587747 0.371316 -0.891056 101.920143
77523.129650 -36052.608624 -0.406862 -0.874866 199.289632
55692.964969 64988.344262 0.732239 -0.627505 140.132823
-85213.563582 9141.812159 0.102795 0.958186 184.947682
-79623.145515 -31936.964439 -0.358571 0.893965 145.741052
-64060.903084 57211.546050 0.641220 0.717987 107.968371
51054.039104 -69216.774682 -0.774159 -0.571017 139.432039
58975.426167 -62736.580284 -0.700509 -0.658512 187.038201
42558.986438 74967.209421 0.835607 -0.474375 196.202014
-61906.439222 -60142.082720 -0.669138 0.688768 199.705290
-86220.625746 5731.723174 0.063660 0.957612 129.297463
58281.557708 -63932.497989 -0.708840 -0.646186 135.584593
81530.186729 -29174.206116 -0.323004 -0.902667 128.703724
-85157.875198 -16216.891131 -0.179250 0.941274 142.434147
-39238.397923 -77426.927504 -0.854140 0.432861 190.757718
35198.155697 -79457.263283 -0.874989 -0.387605 146.857212
-69507.371653 -52300.301473 -0.575122 0.764340 185.274627
-970.865788 87106.885384 0.955795 0.010653 170.432340
78278.788799 -38447.587801 -0.421155 -0.857467 157.484806
12341.935699 -86434.363532 -0.945179 -0.134962 174.275642
-56963.460722 -66273.307382 -0.723733 0.622066 136.577164
-87444.967207 3117.835629 0.033984 0.953126 185.545523
1530.115590 -87595.780678 -0.952995 -0.016647 172.354154
56229.492376 -67291.224758 -0.731056 -0.610881 166.932964
-78586.859183 39128.402091 0.424388 0.852355 119.954822
79106.405377 38329.386580 0.414913 -0.856320 187.523808
67356.415960 56629.423446 0.612010 -0.727940 169.202018
87311.970649 11680.969773 0.126044 -0.942142 129.499075
68874.665043 -55106.948806 -0.593448 -0.741712 154.689227
6428.649519 -88065.068292 -0.946888 -0.069122 147.470005
78371.815164 -40917.629642 -0.439124 -0.841078 124.766500
-82577.128071 31848.645460 0.341242 0.884773 188.498857
2059.061148 88573.811524 0.947551 -0.022028 137.956706
-87623.091472 13701.223499 0.146351 0.935953 113.272870
-67718.094153 -57433.440224 -0.612382 0.722041 199.395031
18064.787370 87035.091377 0.926501 -0.192302 142.064242
-40299.930393 -79365.248713 -0.843136 0.428126 149.248872
46542.791464 -75965.379159 -0.805946 -0.493791 160.380961
-79530.049938 -40406.636309 -0.427851 0.842114 162.498709
84005.526953 30262.737122 0.319987 -0.888245 151.804131
72432.086339 -52398.006990 -0.553040 -0.764491 128.002516
-71850.616643 -53354.654179 -0.562226 0.757127 120.391327
88350.538033 14945.302834 0.157193 -0.929260 164.555158
65135.365704 61686.378781 0.647682 -0.683895 189.197733
-77049.580773 46142.243448 0.483667 0.807641 136.753198
-77978.344308 -44721.014771 -0.468124 0.816250 197.979272
-84453.669658 31125.823212 0.325191 0.882341 119.733167
-73031.299493 -52759.245947 -0.550401 0.761885 187.289510
-29200.502706 85357.196381 0.888715 0.304027 171.080640
-89573.696895 11424.292790 0.118778 0.931291 128.591363
74678.428841 -50957.655754 -0.528850 -0.775030 134.097322
19665.618988 88351.642670 0.915322 -0.203736 124.175680
74760.944389 -51183.359856 -0.529475 -0.773377 184.371961
-13099.431192 -89748.998879 -0.926938 0.135292 187.040318
-87460.717257 -24438.765419 -0.251944 0.901648 199.113715
17162.678681 -89275.611156 -0.918849 -0.176643 140.546974
-90812.584259 -5619.289089 -0.057763 0.933498 198.863902
50236.501996 -76011.671491 -0.779731 -0.515328 143.266519
28856.056628 -86518.542608 -0.886179 -0.295562 103.253898
-15874.315126 89921.929854 0.919396 0.162305 133.515267
89282.408832 19525.805850 0.199376 -0.911656 181.520631
91435.426196 -3432.807205 -0.034991 -0.931999 172.036488
-74093.187387 -53850.459487 -0.548040 0.754051 193.561697
74832.262904 52985.100499 0.538385 -0.760376 184.052963
89311.873200 -21189.081935 -0.214953 -0.906026 156.783155
32812.303570 -85846.051228 -0.869273 -0.332256 111.147306
54319.148288 -74255.975010 -0.750691 -0.549139 189.209657
9176.791146 -91627.407832 -0.925055 -0.092647 140.219079
-71840.364797 57769.927188 0.582278 0.724097 124.556534
-30883.588261 86976.489607 0.875091 0.310727 104.720732
-86489.293218 -32492.350847 -0.326412 0.868855 132.515802
87576.039961 29817.349038 0.298949 -0.878038 135.944261
-71563.175827 58783.533126 0.588428 0.716353 135.397437
-75223.185311 -54184.032986 -0.541551 0.751831 195.430487
28277.922492 -88379.528567 -0.882081 -0.282231 105.241144
-76830.403206 52219.355361 0.520311 0.765535 101.582607
92990.847308 -679.332617 -0.006758 -0.925111 182.434147
91852.220581 15224.455269 0.151186 -0.912134 167.528932
80093.904871 47682.127474 0.472687 -0.793995 144.156471
-92561.047411 11831.662482 0.117100 0.916090 183.397404
-34724.720327 -86698.445142 -0.856968 0.343235 113.843094
-68371.351685 -63784.716865 -0.629358 0.674614 169.590863
-93183.062114 8667.861776 0.085415 0.918241 174.816391
33616.446004 87477.091856 0.860239 -0.330580 113.891640
-91593.400333 20158.765728 0.198012 0.899688 173.856927
55590.354151 -75659.074825 -0.741978 -0.545167 153.825967
64852.667607 68059.907361 0.666126 -0.634736 194.345734
33708.791740 -87856.220967 -0.858643 -0.329445 194.280130
-9618.017396 -93722.025534 -0.914320 0.093830 196.895673
-25557.430334 -90780.259093 -0.884283 0.248953 105.446262
94376.961719 2623.509720 0.025513 -0.917797 153.447163
-49996.537873 -80196.061197 -0.778766 0.485505 122.419008
-44300.878746 -83582.148829 -0.810458 0.429566 184.398284
-61315.830311 -72170.846435 -0.698654 0.593571 132.946689
-52895.883107 -78662.258316 -0.760384 0.511315 152.117186
-35233.431235 -88126.977464 -0.850311 0.339957 198.692931
-90792.778083 -27983.920429 -0.269590 0.874673 183.821229
83007.382411 46420.770402 0.446512 -0.798431 196.711738
89358.548675 32848.395234 0.315469 -0.858181 177.583535
62814.932948 -71677.150468 -0.687271 -0.602297 150.993155
36149.296576 -88277.770063 -0.845301 -0.346146 121.661331
-91749.216986 26498.878737 0.253314 0.877069 122.103863
54439.536310 -78579.012754 -0.750046 -0.519632 188.265014
-68501.040457 66835.264057 0.636852 0.652725 155.542221
-58384.522501 -75940.708878 -0.722645 0.555582 119.365969
-91721.855551 27963.150153 0.265680 0.871458 184.977402
27592.507234 91964.701144 0.872057 -0.261646 153.959129
76546.630198 -58124.774916 -0.550318 -0.724734 108.745296
-89640.213050 -34934.896772 -0.330278 0.847468 116.864834
-15712.884669 95001.788841 0.896964 0.148354 122.474216
-94991.385236 -16413.186246 -0.154709 0.895380 108.970845
96488.907984 1793.382235 0.016876 -0.907988 190.197815
-42357.056839 86820.713241 0.815784 0.397995 135.745989
95068.329203 -17627.262617 -0.165407 -0.892080 120.431759
61076.271628 75092.403544 0.703479 -0.572173 158.146763
-28929.684031 92470.259914 0.864998 0.270618 122.747929
-26175.047046 93408.087780 0.872201 0.244410 168.061224
-3565.021421 97043.368420 0.904710 0.033236 188.432381
97136.445452 -3879.579214 -0.036110 -0.904110 178.141529
4805.006332 97171.903354 0.903370 -0.044670 134.084343
-26216.974538 -93798.344722 -0.870628 0.243344 161.707083
-76100.647809 60934.931805 0.564748 0.705305 114.456914
94635.326878 -23877.409570 -0.220921 -0.875594 114.752842
84118.979452 49706.147095 0.459147 -0.777026 146.993151
-79930.414951 56346.499481 0.519787 0.737345 144.124530
-88726.234008 -41380.668916 -0.381105 0.817146 158.264164
-16217.135825 96640.681033 0.888804 0.149149 188.104986
88521.871196 42251.894955 0.388017 -0.812934 117.468224
95998.439403 20733.444884 0.190045 -0.879933 143.065615
17531.738649 96715.969925 0.885425 -0.160501 142.480696
-98407.492452 785.995460 0.007183 0.899283 166.706620
-43048.153265 -88611.824837 -0.808481 0.392765 137.404720
21441.229681 96229.633328 0.876991 -0.195405 176.678858
94938.147232 -27002.362373 -0.245660 -0.863721 172.794049
-17823.772775 97165.482874 0.882867 0.161951 181.292514
46941.911452 -87054.577538 -0.789589 -0.425765 121.540221
92089.247622 36341.398627 0.329136 -0.834033 178.514572
45097.646746 88250.653609 0.797995 -0.407790 106.174697
89393.313324 42979.689038 0.388151 -0.807314 113.265891
-35691.833555 92665.472487 0.835440 0.321785 116.652988
51683.681868 84896.870160 0.764362 -0.465330 138.810205
52302.459107 84647.832904 0.760842 -0.470111 188.708384
-35680.861389 92984.922803 0.834608 0.320262 156.545342
88653.575495 -45586.896385 -0.408611 -0.794632 178.067066
99176.578140 -11244.697824 -0.100602 -0.887292 173.705317
-71729.131095 -69517.178770 -0.621227 0.640994 101.606856
61746.882653 78674.820968 0.701760 -0.550767 184.519614
