1002
0.000000 0.000000 0.000000 0.000000 133415.354664
-28.421804 96.790685 27.028487 7.936697 143.033976
-84.775415 175.006835 18.259623 8.845181 187.268275
-130.453174 274.130970 14.662540 6.977595 144.355593
-375.062666 106.731326 3.921494 13.780452 146.390748
-78.226477 -497.882770 -12.450071 1.956134 141.164743
304.093885 -518.274238 -9.954843 -5.840937 121.959287
-707.750804 -55.522362 -0.830477 10.586196 142.857535
758.206292 227.938206 2.894889 -9.629467 139.401917
79.767075 -891.733061 -9.418141 -0.842469 147.127217
-405.240354 -906.377521 -8.197207 3.664962 199.892931
257.673362 1075.312794 8.274185 -1.982713 166.723641
-1183.770446 -208.171561 -1.413443 8.037566 196.284307
771.648301 1027.815744 6.311267 -4.738280 128.480103
-535.696035 1292.546145 6.987535 2.895985 160.565479
1422.903096 -509.906218 -2.455009 -6.850748 106.176178
-1569.295444 243.641606 1.089218 7.015652 178.732623
-590.384817 1595.207922 6.433647 2.381086 162.219945
-1779.469214 -345.888548 -1.267942 6.523092 113.491941
1328.629437 -1353.890533 -4.636511 -4.550002 118.142148
1317.217128 1500.822756 4.758608 -4.176456 194.600799
968.668828 -1848.464324 -5.485776 -2.874765 162.943956
-1697.625306 1376.848990 3.812014 4.700131 184.211545
-1852.746944 1353.241537 3.483943 4.769928 137.008798
1666.051242 -1744.823974 -4.166105 -3.978020 151.766850
78.923785 -2513.109967 -5.639644 -0.177112 183.035917
1638.908275 -2028.664740 -4.309583 -3.481606 177.607344
-2079.604329 1716.707511 3.468500 4.201710 125.180066
-1128.500061 2563.261399 4.893005 2.154192 155.837125
-671.739342 -2827.424357 -5.106203 1.213132 108.919546
2324.801145 1903.247510 3.269749 -3.993971 196.313981
1449.383619 2732.826154 4.494060 -2.383473 109.856336
1014.694887 3022.895112 4.749971 -1.594422 192.580586
-3294.264928 -190.258318 -0.283988 4.917163 131.755008
-3023.622338 1522.451759 2.186902 4.343235 171.735194
-2891.639085 1989.948374 2.707219 3.933922 158.911893
1739.681141 3155.718576 4.127566 -2.275440 134.449846
-3471.944969 -1310.478230 -1.640085 4.345196 120.308343
3323.102201 1838.517064 2.222547 -4.017233 159.344917
832.553674 -3810.568354 -4.425831 -0.966980 190.961486
-3666.275155 1597.888844 1.787477 4.101276 162.285268
-918.612365 -3998.136521 -4.305202 0.989164 173.209193
2154.411422 -3605.442472 -3.747574 -2.239341 190.456903
-2023.685573 3804.922828 3.805111 2.023786 110.312705
-2294.305519 3755.810845 3.639451 2.223225 161.256701
1982.367032 4027.354742 3.788806 -1.864947 103.854371
1222.118032 -4433.791904 -4.021971 -1.108605 144.281893
-2506.419900 -3982.093225 -3.490747 2.197156 161.271889
4095.035161 2490.757932 2.123705 -3.491566 117.044304
-3920.025232 -2923.810730 -2.418919 3.243105 125.091079
4379.029558 2431.928298 1.940893 -3.494851 103.554362
-2803.806405 -4261.289305 -3.309330 2.177445 147.034953
2773.581992 4396.314642 3.318938 -2.093878 118.476806
5260.857549 -652.787459 -0.478507 -3.856323 102.091469
-5354.062097 -617.731436 -0.441719 3.828508 134.887739
-3364.435364 -4339.211959 -3.017474 2.339617 168.632466
4165.859657 3748.421513 2.528002 -2.809529 186.361568
1438.761650 -5507.577602 -3.628238 -0.947816 165.682388
5405.219935 2096.374657 1.343645 -3.464408 131.774993
509.340236 5883.035493 3.668136 -0.317579 140.476509
5847.398122 1371.599616 0.833712 -3.554278 100.706482
-5529.917490 -2551.625168 -1.518959 3.291908 108.778892
6191.266150 236.012499 0.136921 -3.591830 174.550077
-6036.450043 -1790.475562 -1.013933 3.418398 190.600621
-2037.845179 -6074.125440 -3.351157 1.124300 188.685533
4995.869981 -4154.286153 -2.244196 -2.698830 140.540007
-6519.687867 -982.852561 -0.519406 3.445448 105.075936
859.701274 -6657.783666 -3.424739 -0.442227 116.743166
2582.591817 6282.477803 3.175091 -1.305212 195.850041
4255.615010 -5437.380568 -2.681314 -2.098555 101.741476
-6521.287309 -2557.751881 -1.234325 3.147057 125.378958
-740.113183 -7068.941633 -3.337723 0.349457 129.047755
6018.092645 3952.439659 1.830417 -2.787042 185.957060
-7184.280199 1278.344429 0.580228 3.260874 186.563777
2255.240311 7041.388896 3.133584 -1.003635 141.180609
-5619.652623 -4975.735385 -2.164872 2.445031 111.064259
5972.619677 -4711.751019 -2.009116 -2.546758 100.069099
3675.060826 -6780.534479 -2.832402 -1.535166 152.477020
6785.073781 3870.081434 1.586070 -2.780718 129.559912
-496.701802 -7896.109756 -3.174575 0.199695 148.362080
-6609.861408 4487.664540 1.778006 2.618818 133.974601
4429.515773 6779.212273 2.632010 -1.719747 189.951839
-4570.399940 -6800.759173 -2.594211 1.743421 163.328746
7701.424977 3067.385567 1.149822 -2.886911 172.582129
-4991.006547 6759.146814 2.483044 1.833499 119.803456
8124.189324 2518.063525 0.908233 -2.930291 139.880467
2383.604976 -8268.795261 -2.930603 -0.844790 101.445628
-2195.556664 -8409.349222 -2.936422 0.766656 190.860507
-7642.343449 -4363.078874 -1.495339 2.619227 173.807493
-8788.302175 1495.360788 0.502656 2.954130 182.061577
-6654.706003 -6051.565600 -2.007051 2.207088 156.099271
8600.446616 2948.391950 0.962253 -2.806889 196.627054
-5263.524764 7558.702700 2.419248 1.684650 112.423819
-9294.169721 -395.152296 -0.124606 2.930792 178.039644
8278.126685 4471.311355 1.386221 -2.566431 184.075149
652.806906 -9467.992834 -2.897376 -0.199771 119.215866
-9009.323097 3289.005242 0.990726 2.713822 124.001802
-5589.220099 -7913.350957 -2.347885 1.658317 103.508894
5467.046668 8145.765291 2.371847 -1.591870 174.480306
6164.112994 7753.143062 2.225254 -1.769182 132.766080
-9812.854746 1882.291749 0.533216 2.779786 180.107693
-3349.382441 -9518.650437 -2.656864 0.934886 141.884102
-9571.274215 -3509.687418 -0.964717 2.630882 147.143063
6473.484513 7995.904526 2.167990 -1.755205 181.841636
9273.936701 -4735.696243 -1.260933 -2.469292 132.543598
8179.685251 6565.752271 1.729299 -2.154379 140.429558
-3550.527892 9983.507499 2.589671 0.920989 116.563775
-9023.426371 5745.100563 1.469183 2.307542 161.015349
-227.579126 10787.064987 2.723215 0.057453 126.261298
9455.528075 -5421.035406 -1.347917 -2.351076 141.861536
6864.742978 8586.533278 2.107670 -1.685036 156.178141
-5590.572184 9596.163628 2.319776 1.351464 103.185716
-6609.933758 -9029.156878 -2.158135 1.579896 172.836099
-326.726806 -11309.869794 -2.658753 0.076808 128.458037
-4707.655611 -10376.377920 -2.413737 1.095087 142.633659
4308.573673 -10669.361616 -2.445700 -0.987639 135.166421
4920.276181 10517.444351 2.378259 -1.112598 145.936789
-10100.421109 -5904.721277 -1.320118 2.258151 176.390390
-1261.269035 -11740.075780 -2.588840 0.278126 117.387733
2975.835990 11511.778092 2.512105 -0.649388 142.736310
-11968.126681 965.946470 0.207720 2.573656 134.497697
4895.011587 11074.408422 2.351746 -1.039498 148.771166
-7265.544247 9800.419551 2.057744 1.525509 182.183771
-6451.579597 10482.057912 2.171817 1.336727 147.159330
-7323.578993 -9995.323286 -2.050248 1.502218 121.737489
-8297.422327 9351.255988 1.892751 1.679448 189.993396
220.686858 12583.574130 2.521601 -0.044223 171.142917
-897.201978 -12676.715931 -2.503500 0.177187 189.187855
-12802.244952 540.333722 0.105398 2.497214 147.637103
-6479.411233 -11150.605381 -2.154126 1.251723 120.970967
-10578.217250 7568.255991 1.443504 2.017598 141.955528
6454.749282 11389.561947 2.151316 -1.219205 190.698479
-6874.703771 -11252.184767 -2.102524 1.284571 109.083921
-12439.483916 4706.996071 0.868226 2.294517 144.254919
-7998.249295 -10759.621039 -1.961053 1.457764 178.053106
3678.500045 12993.088265 2.342656 -0.663234 143.022083
2290.807857 13400.716167 2.391842 -0.408877 179.591407
13687.454357 347.528281 0.061373 -2.417170 104.324854
13335.176963 -3575.334688 -0.623571 -2.325777 178.237771
-7509.069400 11711.963360 2.019310 1.294671 127.591458
12738.073114 5796.765311 0.990611 -2.176814 194.247449
-2872.059710 13796.471263 2.333331 0.485738 134.383886
-5986.491894 12870.861281 2.153200 1.001496 151.186484
6676.741604 -12654.920806 -2.091984 -1.103732 117.491343
-13609.983992 -4709.161027 -0.770909 2.228011 161.756500
6282.871592 13084.273780 2.117005 -1.016554 126.615615
-14538.740366 -1425.383411 -0.228404 2.329696 147.235108
-527.618459 -14700.277754 -2.331291 0.083674 169.551767
-14068.970036 4604.263769 0.723277 2.210074 169.955984
-9835.738828 11207.624045 1.741448 1.528283 165.835492
-4731.681443 -14244.447147 -2.191610 0.728003 199.926599
14041.127938 -5527.864350 -0.843720 -2.143104 106.727004
-2185.844200 15047.505155 2.270621 0.329837 135.007872
14621.507896 4541.869187 0.678299 -2.183629 166.952975
-12282.772198 -9288.123034 -1.375177 1.818558 149.721643
-13162.358847 -8199.112798 -1.201283 1.928468 105.051365
-10694.702292 11345.222193 1.648790 1.554250 122.935537
5306.670134 14788.965547 2.124513 -0.762331 174.517077
5073.292103 -14966.744705 -2.131511 -0.722520 148.983839
-6298.859963 -14591.465193 -2.060487 0.889473 193.972926
-15956.324347 -1081.709894 -0.151320 2.232125 130.455304
-6846.625218 -14566.113213 -2.018306 0.948681 100.386502
-10445.153231 12390.156548 1.699272 1.432521 194.464999
3283.542762 15961.310593 2.170918 -0.446599 121.774716
-5926.463114 -15302.960027 -2.059550 0.797614 126.570572
-14993.370824 6916.973228 0.922350 1.999304 186.905672
-10304.307752 -13000.451705 -1.721519 1.364496 145.802101
-15856.326676 -5276.537082 -0.691059 2.076676 182.851265
9120.875338 14103.633026 1.833175 -1.185522 102.378019
-15012.371417 7748.523912 0.998377 1.934305 182.620134
-6362.254934 -15768.071292 -2.012145 0.811880 151.169067
16947.520471 2303.589675 0.291381 -2.143692 102.272268
-4961.352067 -16470.686199 -2.065538 0.622188 170.313622
16263.798643 5921.469289 0.735748 -2.020791 106.479615
14328.459899 -9847.606195 -1.215352 -1.768361 128.261589
5803.225113 -16522.784269 -2.017195 -0.708491 197.416044
16040.988599 -7232.323077 -0.876667 -1.944411 140.558596
6171.605924 -16579.452461 -1.993539 -0.742084 104.924352
8478.801938 15641.305587 1.864788 -1.010860 160.065079
-17655.850410 2862.383866 0.338550 2.088256 175.936762
15619.759306 8949.029660 1.048295 -1.829708 118.374892
-6180.605442 -17014.615868 -1.976498 0.717968 187.306067
-168.143153 18192.721257 2.097500 0.019386 189.457293
18051.232471 2979.296806 0.340626 -2.063816 159.836439
16836.249508 7432.697805 0.842286 -1.907912 165.396482
18273.815515 -2904.144864 -0.326459 -2.054184 155.859063
-10200.689550 15535.758507 1.734827 1.139077 136.275548
-18153.523869 -4432.347397 -0.490919 2.010654 129.581473
888.953509 -18783.786487 -2.060906 -0.097534 110.293917
6203.084275 -17850.509408 -1.944104 -0.675580 127.396718
-12192.864045 14575.733353 1.574244 1.316884 174.862801
17789.465774 -6951.113790 -0.745087 -1.906845 183.147471
3079.961484 18947.436086 2.015619 -0.327645 152.637230
-17358.002970 -8469.565850 -0.892747 1.829646 177.797077
5632.869187 18568.102880 1.943655 -0.589632 180.401728
6908.143863 -18225.135857 -1.895030 -0.718302 187.021756
8132.646265 -17834.592694 -1.838709 -0.838459 184.562831
14175.016598 -13695.311621 -1.400275 -1.449322 118.827055
-19244.168752 -4714.767523 -0.478303 1.952281 172.665692
19193.824998 -5222.051163 -0.526645 -1.935700 148.456764
-18544.529755 -7527.279370 -0.752170 1.853080 128.820402
19534.331603 4772.719003 0.473545 -1.938178 164.925676
-16984.583281 10924.769356 1.077046 1.674468 159.044852
-14656.605183 14028.157615 1.373468 1.434998 181.491553
20410.427273 267.347088 0.025937 -1.980143 138.745394
8264.066528 18769.521674 1.808164 -0.796120 159.067964
-2779.021480 -20415.376002 -1.953078 0.265861 139.875306
-18786.993234 -8713.441273 -0.827218 1.783560 121.726017
-20735.404946 -1651.907434 -0.155788 1.955517 109.544448
-2615.479069 -20721.224839 -1.942327 0.245165 163.395679
-6970.326632 -19803.396864 -1.841902 0.648306 159.216471
-21097.827987 820.126608 0.075633 1.945664 115.381716
8737.052475 -19317.517521 -1.770438 -0.800745 119.197482
18627.510795 -10321.442842 -0.939668 -1.695855 160.121060
9773.381708 -19046.366230 -1.720443 -0.882822 197.988891
-17252.142479 -12822.249724 -1.151141 1.548843 198.197454
3554.400788 21312.874287 1.898549 -0.316626 116.605814
21224.491705 4583.424770 0.405291 -1.876781 189.489518
-19696.266420 -9312.008431 -0.819289 1.732918 146.430039
-18379.876497 -11917.917003 -1.040029 1.603938 197.721293
17864.395183 -12828.592509 -1.112805 -1.549632 170.759999
14047.490817 -17058.429105 -1.469223 -1.209895 140.408958
-18676.563671 12008.051204 1.026860 1.597112 189.815640
3207.132524 -22059.892376 -1.875271 -0.272632 171.617276
-22122.945295 -3455.601831 -0.291801 1.868123 163.610943
15055.228640 -16708.378102 -1.401553 -1.262881 146.198368
-17603.613323 -14166.010197 -1.180019 1.466369 106.401308
-20762.379441 -9158.201788 -0.757994 1.718432 128.782593
-16646.300925 -15589.527609 -1.280636 1.367447 132.169278
-8109.279088 21422.237607 1.748345 0.661827 189.227056
-19625.590140 -11987.347259 -0.972514 1.592192 148.412689
22904.586248 3067.530834 0.247055 -1.844705 138.546581
-14052.016514 -18467.827514 -1.478063 1.124646 124.554407
16284.767264 -16660.749132 -1.325588 -1.295674 165.481018
20473.013271 11304.366773 0.894281 -1.619607 142.817968
-2781.268507 23335.296512 1.832641 0.218427 195.310651
-16852.111668 -16525.089702 -1.289403 1.314920 182.027031
16548.840546 -16980.813104 -1.315867 -1.282392 142.842414
-20321.447436 -12370.709639 -0.953813 1.566835 199.482818
-4230.501378 23509.833272 1.801664 0.324202 161.492690
-10642.914558 -21513.303955 -1.636876 0.809784 192.267710
-23919.965839 3049.108931 0.230388 1.807375 151.024348
10166.720514 21950.780378 1.650634 -0.764508 153.144321
-19852.371601 -14031.579572 -1.047354 1.481833 117.825110
-14192.144116 -19839.854409 -1.473361 1.053947 105.187776
12244.188103 21211.704260 1.565736 -0.903801 113.221209
-670.327484 -24577.437405 -1.803715 0.049195 140.122863
-18748.559622 -16079.593918 -1.171988 1.366520 102.498554
7888.909976 -23511.042476 -1.703303 -0.571527 189.837798
18412.585620 -16744.414461 -1.206621 -1.326831 148.570635
-23661.439413 8025.374274 0.574929 1.695080 176.418358
-20179.830730 14927.158928 1.062005 1.435711 144.140966
-20854.702617 -14122.637235 -0.999629 1.476138 192.147417
-23840.749069 8444.168949 0.593965 1.676964 110.253352
-3992.709135 -25077.699626 -1.753400 0.279165 170.076047
24574.691777 -6797.663523 -0.472380 -1.707732 135.226445
25558.045842 1623.537872 0.112082 -1.764424 151.902913
-25667.770339 1478.378495 0.101462 1.761594 126.506761
25234.995657 -5404.602564 -0.368833 -1.722142 187.820581
24213.015068 9171.526039 0.622839 -1.644308 168.013651
23465.719921 11230.655420 0.757276 -1.582278 156.313026
-21636.222922 -14593.816346 -0.979347 1.451942 101.131396
-15460.459491 -21146.772393 -1.411169 1.031709 141.015341
19481.163978 -17666.548894 -1.172002 -1.292384 100.519269
12949.664453 22994.015364 1.517542 -0.854642 145.124197
-22758.242937 -13576.777027 -0.890428 1.492591 117.648092
-21930.180666 15029.181746 0.980928 1.431344 113.401607
314.848465 26691.977295 1.731581 -0.020425 114.411771
26735.064271 -1717.585523 -0.110824 -1.725029 163.520999
5385.970846 26366.093219 1.689817 -0.345190 160.212109
6735.971915 26143.651585 1.667477 -0.429629 165.977792
-16877.686024 -21199.892474 -1.344655 1.070508 173.085757
27207.093455 -405.984902 -0.025591 -1.715003 132.560352
-26237.835819 7578.077779 0.475060 1.644816 197.545899
-20742.928025 -17892.793473 -1.116549 1.294404 185.867507
19578.311150 19310.379929 1.198095 -1.214719 102.712952
15759.292312 22662.248518 1.398119 -0.972250 161.303442
-26220.082968 8956.017346 0.549412 1.608487 101.761840
-20238.303691 -19054.055707 -1.163270 1.235570 126.586701
-27516.601078 4696.817350 0.284928 1.669271 125.615822
21445.517017 -18009.285837 -1.087267 -1.294722 147.419838
-11380.705051 25688.153358 1.543256 0.683714 168.417109
16019.573917 23215.407053 1.386568 -0.956788 132.748599
28296.588980 -703.177351 -0.041777 -1.681165 132.561726
-7106.251437 27497.687482 1.625445 0.420065 178.109842
1850.157784 -28441.785342 -1.672340 -0.108787 139.468995
-18891.233741 21459.868651 1.255966 1.105633 151.865628
21702.620058 18765.909097 1.092531 -1.263503 167.202656
-28793.496186 552.393023 0.031979 1.666907 111.986839
-28736.784135 3127.583091 0.180051 1.654337 174.038759
20044.354925 20944.804117 1.200512 -1.148901 121.372065
-29098.362189 -865.473992 -0.049299 1.657510 110.299784
7806.284326 28127.915098 1.595664 -0.442841 141.953313
21864.151212 -19506.335926 -1.100359 -1.233364 157.347992
-25799.294833 14086.116932 0.790817 1.448414 157.003090
29347.096983 -3059.029169 -0.170763 -1.638234 186.042804
15821.999619 25006.608611 1.389887 -0.879399 162.115227
-18072.426105 23583.458473 1.302843 0.998392 198.621965
11596.367594 -27435.289661 -1.510020 -0.638256 109.974789
-29386.179195 -5560.442058 -0.304169 1.607492 159.694700
-5654.093439 -29476.662499 -1.603874 0.307649 107.993805
-24964.563933 -16793.026602 -0.910409 1.353416 120.849898
8601.930130 -28948.738256 -1.560644 -0.463735 171.348734
-13521.300402 27101.139904 1.454734 0.725796 192.050667
-20526.977812 -22428.720324 -1.196979 1.095487 180.501594
-15595.832860 26210.869533 1.392239 0.828402 122.569023
-28633.916520 -10758.858849 -0.568995 1.514338 120.965905
-29255.194558 9267.692798 0.487749 1.539670 136.995682
-30047.440518 6726.049262 0.352210 1.573437 172.420194
5935.069952 30333.781723 1.579351 -0.309014 153.826142
11929.097542 28625.172922 1.483015 -0.618024 106.829348
-1564.488666 31048.214478 1.602634 0.080755 178.849650
-355.238959 -31206.988791 -1.601439 0.018230 138.304157
11900.518789 -28956.561831 -1.479010 -0.607841 117.941467
-29622.468418 10417.202946 0.529687 1.506223 150.323307
29316.268717 -11544.778346 -0.584040 -1.483083 113.559519
29659.381987 10943.296404 0.550822 -1.492880 147.119098
17327.973941 26538.844258 1.330686 -0.868843 102.867671
-20156.818839 24578.334086 1.227054 1.006313 148.007896
17456.287586 26703.319466 1.325868 -0.866736 194.526611
31176.832725 7232.983416 0.357414 -1.540589 116.462575
22965.756426 22425.177238 1.103283 -1.129879 135.187852
28518.296555 -14973.013750 -0.732827 -1.395777 161.002227
-19939.003745 -25392.564438 -1.238443 0.972463 135.859013
15578.272509 28409.659869 1.378216 -0.755737 117.106201
28616.574472 -15415.496799 -0.744252 -1.381592 161.746882
24117.954404 -21916.815886 -1.054037 -1.159895 155.823860
7306.071022 31862.640379 1.525271 -0.349743 161.452362
-4005.644376 32558.469714 1.550434 0.190749 177.254353
21419.869355 -24975.008884 -1.183981 -1.015444 113.204621
-32602.843719 -5151.011667 -0.243028 1.538226 128.997867
32685.205143 -5145.879987 -0.241900 -1.536483 132.627896
11973.186021 -30972.377146 -1.448192 -0.559837 144.944605
14474.004304 -29975.295631 -1.396474 -0.674307 137.296728
-17530.545624 28420.154661 1.317776 0.812850 101.734932
33435.607581 -2239.402606 -0.103285 -1.542112 118.760812
25518.395577 21853.779419 1.004036 -1.172401 110.943390
-3006.575760 33551.257899 1.535391 0.137589 199.248573
26788.454511 -20625.684036 -0.938730 -1.219214 120.672041
-33415.850634 5784.592185 0.262063 1.513857 147.633991
7538.072226 33145.166742 1.496382 -0.340316 133.960563
-12114.020899 31877.122098 1.432190 0.544264 186.481107
34126.919888 2450.816302 0.109564 -1.525648 184.045270
30710.181465 15267.620678 0.680119 -1.368030 164.957211
-11940.231461 32257.578399 1.430667 0.529565 147.158396
19018.607480 28786.988485 1.270883 -0.839630 180.972132
-31699.262824 -13881.372841 -0.610091 1.393193 179.957938
-29416.169103 -18415.759819 -0.805891 1.287279 191.234911
-26114.335064 23019.024625 1.002728 1.137562 117.670724
-13451.718607 32198.771443 1.397526 0.583846 107.273272
-34353.113461 -6728.710028 -0.290669 1.483997 154.569166
31255.364271 15976.250658 0.687320 -1.344648 176.020981
31955.130618 14754.708240 0.632193 -1.369178 106.816569
-32407.511281 13960.385939 0.595885 1.383282 107.958156
14875.718722 -32123.526032 -1.364534 -0.631887 115.304755
-27462.768573 22487.533017 0.951415 1.161910 145.962567
32013.071588 15547.894980 0.655205 -1.349065 161.678475
-1099.248365 -35669.392367 -1.496999 0.046134 118.276338
-25251.374514 -25365.502154 -1.059863 1.055095 177.208519
35657.297054 -4113.725955 -0.171153 -1.483534 115.729371
-15736.486107 -32389.753020 -1.341060 0.651551 147.043514
2447.820792 36019.908729 1.485616 -0.100959 100.148816
-23006.364306 -27955.527585 -1.148135 0.944872 107.673173
-13075.650699 -33871.168339 -1.385210 0.534748 114.561188
8127.411459 35493.375406 1.445303 -0.330951 158.109590
-34962.788114 -10466.461568 -0.424731 1.418797 140.053312
-15985.253766 -32940.534886 -1.330249 0.645538 179.153165
-6356.168948 -36135.017617 -1.454752 0.255892 186.352540
34485.250911 -12882.571019 -0.516036 -1.381373 160.900008
2983.252889 36766.835478 1.468294 -0.119137 123.467613
32804.308686 17117.507734 0.680433 -1.303994 121.689343
-16677.899399 -33142.013817 -1.312093 0.660278 189.525764
-20657.877364 30941.867347 1.219940 0.814475 113.457980
31358.699581 20212.762616 0.793583 -1.231190 177.531264
37336.415989 -2108.903924 -0.082509 -1.460746 146.702825
-22298.054366 30160.282456 1.174706 0.868482 168.131061
-17719.640099 33164.762099 1.286899 0.687579 122.788103
-37582.193412 2947.450423 0.113934 1.452748 190.631888
-33018.927037 18371.774774 0.707678 1.271884 162.897329
-37844.441237 -1915.879864 -0.073487 1.451589 157.255149
34621.539992 15662.194771 0.598227 -1.322390 180.978619
-26398.194934 -27467.455939 -1.045137 1.004452 188.636905
-3810.723033 38009.760835 1.440368 0.144406 156.250989
36479.428586 11646.827469 0.439741 -1.377329 190.637439
-32844.443242 19909.410107 0.748362 1.234568 199.754413
16786.781560 34645.365018 1.297676 -0.628765 198.906665
-3816.314036 -38415.758422 -1.432930 0.142351 134.056763
21875.606487 31926.572203 1.186397 -0.812901 166.883182
15799.044773 35427.744678 1.311979 -0.585079 115.662259
-36741.613548 12802.079644 0.471953 1.354493 157.602515
34951.915619 -17307.497266 -0.635735 -1.283846 108.433321
-12740.419783 36965.003240 1.352762 0.466245 115.198191
15071.303870 -36171.626694 -1.319328 -0.549712 178.045942
31982.181648 22861.653604 0.829815 -1.160865 104.649745
23365.742100 -31739.944000 -1.147694 -0.844889 109.570790
-8668.232477 38550.102044 1.388673 0.312252 150.918666
37390.347773 -13021.371781 -0.467638 -1.342805 168.746687
-39536.672787 -3737.322443 -0.133611 1.413451 142.208015
-9412.069642 -38658.344563 -1.378161 0.335538 157.655192
-39642.805875 4566.070577 0.162062 1.407031 175.988226
37067.918797 15052.038572 0.532185 -1.310587 120.674728
-39538.252886 -6760.049620 -0.238077 1.392466 113.404042
-37807.615961 -13676.938218 -0.479999 1.326879 143.701933
-40226.589819 2541.547506 0.088861 1.406450 125.026379
-35679.066245 18972.233052 0.660798 1.242694 134.908645
-22455.356531 33698.628276 1.170010 0.779646 120.051556
-32025.634013 -24930.848195 -0.862697 1.108202 148.586173
-39661.343265 -9128.192841 -0.314557 1.366730 143.300600
-29150.976791 -28525.074197 -0.979820 1.001319 194.826724
-9370.517731 39820.653182 1.361662 0.320424 166.061875
40050.057785 8842.188575 0.301184 -1.364191 114.261201
37583.166076 -16606.457305 -0.564124 -1.276705 120.403320
-31066.643951 -27063.634701 -0.915572 1.050995 173.125139
-22311.182446 34765.764685 1.171550 0.751850 128.677644
21466.941303 35387.464939 1.189024 -0.721292 177.698277
-41471.365628 1419.577309 0.047515 1.388107 119.941450
-41460.246495 -3529.766990 -0.117659 1.382007 154.313828
39989.635113 -11796.344619 -0.392038 -1.329009 114.872174
41143.931273 -7329.427272 -0.242725 -1.362542 168.499669
-120.587274 -41911.313929 -1.382007 0.003976 130.858574
-4270.362419 -41768.032414 -1.373629 0.140440 159.551403
25166.755024 -33739.611330 -1.105404 -0.824533 163.011477
-35285.327265 23172.238608 0.755900 1.151041 156.436988
9698.484889 41165.383794 1.339112 -0.315492 117.873877
-28573.531544 31306.612767 1.015044 0.926430 151.971889
-7247.544956 -41869.073544 -1.352432 0.234106 168.301815
-39227.802811 -16631.966660 -0.535039 1.261931 117.782320
22365.544021 -36388.706878 -1.166307 -0.716846 169.160091
39757.482915 15856.907640 0.506624 -1.270240 164.643144
40176.841927 -15075.987094 -0.479835 -1.278739 161.886670
42154.236083 -8487.233132 -0.269302 -1.337565 136.878896
13744.975544 40837.997252 1.291792 -0.434783 110.294549
23343.555706 36357.053680 1.145385 -0.735410 195.537673
-36067.790893 23978.887760 0.752671 1.132128 136.310198
-39402.189747 18186.850713 0.569177 1.233134 157.638505
-24433.080046 -35974.725970 -1.122356 0.762274 194.431238
-38498.391004 20450.006465 0.635697 1.196739 166.739952
-22997.659605 37174.972590 1.150815 0.711932 123.150821
40594.770281 -16454.753412 -0.507827 -1.252836 106.964443
25391.286983 -35801.446468 -1.101562 -0.781255 113.007544
-26612.508278 35042.791801 1.074140 0.815733 107.341996
-43987.695896 3223.102426 0.098449 1.343596 104.229001
16804.199606 40885.662830 1.244667 -0.511564 124.071879
40513.443511 17884.004787 0.542945 -1.229958 139.995768
-43261.541294 10000.904374 0.302418 1.308187 180.678314
-42756.959757 -12335.446395 -0.371776 1.288646 123.817792
14654.393496 -42114.009553 -1.265427 -0.440330 189.355654
1023.716607 -44686.038569 -1.337894 -0.030650 131.605727
-26470.550275 36143.280962 1.078428 0.789817 165.440184
-41084.122294 -18122.971437 -0.538870 1.221599 159.358695
26283.667340 36533.615148 1.082595 -0.778860 144.219834
23629.229982 -38422.927272 -1.134749 -0.697845 179.575004
-44881.270498 5478.853827 0.161232 1.320772 128.435682
-45133.594765 3837.536031 0.112625 1.324592 147.238855
41199.311307 19050.665298 0.557364 -1.205366 153.858401
-37598.200401 -25620.786487 -0.746940 1.096125 100.266210
11070.850134 -44230.125537 -1.285365 -0.321728 154.764096
10035.244369 44588.755702 1.291134 -0.290586 135.134380
-11499.295979 -44326.409650 -1.279771 0.332002 110.537151
-23359.274549 39524.831029 1.136753 0.671824 145.615555
44968.313535 9662.888781 0.277155 -1.289799 102.256261
6976.053495 -45557.649449 -1.302713 -0.199479 117.338165
1678.004030 -46166.707668 -1.315479 -0.047813 101.155816
30045.086699 35242.519984 1.000493 -0.852944 149.246888
-21291.955183 41223.569251 1.167030 0.602770 197.921577
634.302904 -46493.274872 -1.311967 -0.017899 104.818390
41850.222688 20528.680547 0.577118 -1.176525 164.368565
-12071.880934 -45107.124259 -1.264806 0.338496 143.312053
46796.307910 -365.112642 -0.010204 -1.307835 164.799675
34781.987223 -31478.475177 -0.876545 -0.968535 135.795874
11811.690947 45504.075834 1.263032 -0.327851 169.308195
-23092.303792 41036.067995 1.136289 0.639426 172.678634
-3617.219417 -47048.796772 -1.298628 0.099841 150.136191
-35154.998920 -31648.769535 -0.870383 0.966809 125.752745
46302.765327 10148.096153 0.278209 -1.269385 139.524065
-45547.917209 13488.693795 0.368607 1.244693 172.128464
-41974.361724 22432.200940 0.611283 1.143811 147.383736
-2768.155949 -47625.162149 -1.293188 0.075165 154.645533
24210.891639 41209.137829 1.115831 -0.655565 125.519582
45911.592983 13677.855160 0.369076 -1.238853 125.446067
45529.527528 -15189.714108 -0.408708 -1.225059 113.783684
47461.475191 7739.159950 0.207641 -1.273387 134.752267
36407.819090 31591.682607 0.844569 -0.973324 167.926820
-16653.929032 -45349.834027 -1.208326 0.443736 141.743025
-1203.877919 48377.963981 1.285740 0.031995 103.439735
31295.208497 -37071.206284 -0.981537 -0.828606 106.875353
36738.881117 31813.478889 0.840140 -0.970211 152.316089
14454.967110 -46489.799633 -1.224450 -0.380715 194.526038
33165.006246 35788.601363 0.939483 -0.870612 168.639581
21208.716095 -44061.855316 -1.152847 -0.554911 185.193869
13527.437002 47100.536487 1.228426 -0.352808 189.804457
-19775.570892 44925.135638 1.168811 0.514498 184.727606
44203.002444 -21616.373517 -0.560328 -1.145806 187.301480
14383.429723 -47142.527898 -1.218935 -0.371903 198.681897
45665.256729 18813.687383 0.484962 -1.177117 168.115744
47240.247007 14755.389483 0.379175 -1.213950 193.524598
-49547.678516 -2419.733114 -0.061963 1.268794 179.726850
-49511.960350 -4377.377047 -0.111761 1.264117 191.091064
7903.770853 -49164.418176 -1.251820 -0.201245 170.929293
-12875.099808 48201.320641 1.223774 0.326883 184.041212
47030.290631 -16940.180453 -0.428840 -1.190571 166.222695
47284.034917 -16600.981450 -0.418677 -1.192504 186.781938
-35059.394823 -35942.475271 -0.903866 0.881658 118.397574
-7896.527749 -49685.809975 -1.245768 0.197989 111.205793
31445.690186 -39386.686105 -0.984882 -0.786314 190.959341
47093.665805 18226.982186 0.454447 -1.174171 197.182283
10322.643260 -49527.501666 -1.231416 -0.256655 102.003083
-48441.631648 14926.356216 0.370050 1.200950 152.805477
18169.647768 -47450.620937 -1.172172 -0.448845 104.234997
50632.435135 5266.750717 0.129740 -1.247265 181.811226
36648.147246 35460.583491 0.871218 -0.900395 110.980230
45432.788915 23371.034478 0.572576 -1.113076 105.525694
41687.006286 -29720.876210 -0.725893 -1.018150 100.199885
-11327.215628 -50034.243032 -1.218329 0.275817 162.929624
13086.209324 49703.859879 1.206850 -0.317744 135.457935
-33257.293150 -39317.648568 -0.951908 0.805183 121.224553
34088.721722 -38733.131411 -0.935016 -0.822900 127.104832
51704.526170 951.880360 0.022901 -1.243953 105.414860
30303.561121 -42029.068544 -1.008209 -0.726933 150.680676
-50519.010235 -11932.493800 -0.285459 1.208560 131.541861
39294.648632 -34076.676283 -0.812785 -0.937242 133.192284
41362.700152 31701.759727 0.753928 -0.983683 145.436402
-52185.922730 -1715.539340 -0.040682 1.237514 153.001819
51934.977929 6193.628819 0.146499 -1.228425 143.190017
-48934.446229 18777.873025 0.442750 1.153790 114.682893
27091.961750 -44958.040051 -1.057721 -0.637388 135.596191
-486.826071 52595.875203 1.233601 0.011418 199.454508
18032.524250 49518.602536 1.158068 -0.421718 185.984695
22579.974568 47744.784160 1.112933 -0.526340 186.277814
52580.908702 -5750.447244 -0.133741 -1.222903 171.263161
42062.256461 -32252.605652 -0.747783 -0.975222 124.981946
34942.686443 -39966.801948 -0.924450 -0.808240 113.656865
27023.438301 -45830.008371 -1.056606 -0.623023 124.069857
-48868.134978 21246.068447 0.488683 1.124020 174.618494
-40937.839467 34274.203960 0.786033 0.938854 176.508570
-50277.485562 -18292.977405 -0.418224 1.149470 120.699426
53548.779078 -2383.208390 -0.054334 -1.220841 104.373344
-53457.157839 5075.675864 0.115409 1.215493 129.533408
-53504.486907 5568.365235 0.126273 1.213318 148.985095
15793.703658 -51549.677559 -1.165043 -0.356944 166.963403
-50613.778355 18799.414735 0.423960 1.141429 165.279556
-52077.859285 -14639.701141 -0.329198 1.171059 154.913785
24884.547893 48153.874120 1.079610 -0.557912 141.391783
4688.143916 54093.266006 1.209677 -0.104840 124.913436
-51190.773471 18375.728163 0.409880 1.141836 168.408366
54380.114880 3539.823672 0.078727 -1.209431 107.334508
-49461.158877 -23116.515940 -0.512688 1.096972 162.916416
54568.481553 -3867.683289 -0.085523 -1.206634 162.258920
-7293.184837 54302.498863 1.197969 0.160895 110.776881
-5520.777419 54631.920504 1.201285 0.121395 159.150975
-54880.047280 -3626.608063 -0.079550 1.203794 138.923063
42768.194781 -34718.481810 -0.759757 -0.935912 183.285429
-54999.270889 -4687.175822 -0.102258 1.199894 137.674474
40646.400775 -37505.145114 -0.815849 -0.884181 155.092018
55151.819088 5202.282901 0.112888 -1.196777 178.728078
-33995.004733 43868.668830 0.949308 0.735644 123.265547
-3980.563052 -55445.003178 -1.196941 0.085932 124.300617
-48466.660785 27462.413885 0.590962 1.042952 181.287795
-47692.385808 -28985.338687 -0.622004 1.023444 180.211777
-49912.668714 25164.275998 0.538736 1.068568 107.350376
48547.465824 -27931.276541 -0.596186 -1.036234 133.966753
54115.700609 -14803.807785 -0.315182 -1.152155 185.042854
-47871.008705 29413.563036 0.624873 1.016990 174.235545
41967.492047 37531.701780 0.794864 -0.888807 125.614680
-56380.371942 -1305.079824 -0.027571 1.191078 113.798756
55106.297666 -12482.920886 -0.262962 -1.160857 115.296340
53230.725410 19265.333044 0.404686 -1.118160 150.806860
6312.890280 -56351.627156 -1.180764 -0.132277 124.703658
-48247.614368 -29970.028434 -0.626418 1.008446 166.520144
56899.507867 318.557114 0.006640 -1.186080 125.241413
18244.093579 -54012.594629 -1.122639 -0.379199 167.830867
-52584.779806 22269.887134 0.461714 1.090222 159.568063
-54078.851085 18631.472174 0.385345 1.118486 155.366785
57208.369046 3344.658805 0.068981 -1.179879 196.618818
-36113.354492 44629.097758 0.917937 0.742784 108.237596
53448.625889 -21241.351364 -0.435704 -1.096341 158.631486
5314.178322 -57354.361208 -1.173845 -0.108763 155.134996
-47231.364993 33156.397624 0.676703 0.963965 160.664540
31634.805875 -48371.251355 -0.984926 -0.644142 137.479040
-35704.515874 45586.980929 0.925647 0.724983 196.355377
14843.079200 56063.711871 1.135719 -0.300686 196.444525
49428.584524 -30560.719542 -0.617206 -0.998262 176.669549
-36508.700730 45324.730443 0.913338 0.735686 120.315878
54206.295555 21457.530800 0.431290 -1.089530 165.057986
47132.843944 -34484.801431 -0.691310 -0.944863 165.987891
45610.120123 -36615.048672 -0.732367 -0.912284 101.833671
-45974.205901 36345.060990 0.724799 0.916825 195.860873
36946.220584 45606.069172 0.907434 -0.735127 172.370114
-55378.089977 -19780.669115 -0.392464 1.098745 112.649190
10906.382603 57885.237270 1.145598 -0.215847 196.909877
-54283.837224 -23120.981115 -0.456433 1.071622 132.502550
-59079.746786 -1371.684516 -0.027015 1.163546 153.393962
59188.971795 -1230.591150 -0.024171 -1.162565 144.626967
-57080.423476 16039.986943 0.314338 1.118612 180.437111
59406.087017 -769.975220 -0.015044 -1.160669 186.439072
41681.187301 42477.198019 0.827812 -0.812299 176.431608
20416.563188 -56005.017247 -1.088736 -0.396897 165.711057
49977.536707 32658.629870 0.633421 -0.969324 105.084282
1013.373211 -59797.304768 -1.156762 -0.019603 119.254939
-42980.769451 41728.385415 0.805222 0.829389 174.743173
58647.678112 -12736.397466 -0.245097 -1.128607 196.790397
-26236.370387 54071.720432 1.038315 0.503805 153.227478
43992.481917 -41114.497295 -0.787274 -0.842383 103.622478
50894.397091 32354.993514 0.618094 -0.972262 103.342182
58402.120737 -15422.636148 -0.293925 -1.113029 149.005408
34482.762844 -49707.542425 -0.945146 -0.655660 148.849752
-21318.387332 -56712.343548 -1.075942 0.404451 161.506701
-4899.265641 60490.273948 1.144738 0.092715 142.111249
58775.499903 -15535.979102 -0.293241 -1.109385 151.327938
-43187.707296 -42918.458285 -0.808240 0.813311 126.635806
-45747.543919 -40328.702112 -0.757621 0.859420 164.390232
39047.760607 46996.517020 0.880371 -0.731470 161.035740
47066.168911 39122.107532 0.731047 -0.879492 193.241879
45996.244497 -40527.552434 -0.755439 -0.857376 181.324528
-60651.356549 -9483.784785 -0.176413 1.128210 190.341672
55359.221481 -26795.072694 -0.497037 -1.026890 186.281203
61447.306200 -4211.393671 -0.077951 -1.137367 170.976791
49624.834058 36671.110068 0.676911 -0.916024 140.289309
-51193.951571 34599.421133 0.637346 0.943030 166.588872
-59661.503946 16486.437277 0.302898 1.096133 162.524669
-61323.339608 9044.924908 0.165819 1.124231 125.006578
61090.525541 11179.970417 0.204375 -1.116764 186.537149
-46237.749504 -41608.813508 -0.758833 0.843252 100.510342
4557.272042 62130.561204 1.130520 -0.082924 111.553126
-36635.921446 50506.361322 0.916863 0.665067 100.102611
59390.461727 -19437.871595 -0.352052 -1.075659 152.597869
31801.091754 53934.426736 0.974004 -0.574297 145.470508
19804.331723 -59483.663333 -1.072109 -0.356945 144.431586
59814.627424 -19177.749990 -0.344662 -1.074987 154.565383
-42134.499532 46705.652314 0.837617 0.755638 195.126838
-56425.773221 28042.859769 0.501633 1.009348 140.859126
51761.750809 36098.383172 0.644258 -0.923807 188.552643
-19834.947964 -60013.311153 -1.068530 0.353159 191.434867
47405.308252 41962.477368 0.745306 -0.841978 153.128276
-58099.136005 25402.342178 0.450110 1.029473 176.975052
-47267.533573 -42396.399681 -0.749710 0.835848 111.980602
-63523.883616 -3291.649564 -0.058051 1.120306 106.994680
20746.901233 -60218.708114 -1.059932 -0.365174 123.523985
5378.169872 -63581.752709 -1.116067 -0.094404 103.679767
-37398.427301 51821.873037 0.907539 0.654946 198.789962
25231.796124 58804.981658 1.027847 -0.441024 135.490379
48449.159719 -41948.969768 -0.731566 -0.844925 178.171248
-53566.907705 -35411.478925 -0.615718 0.931396 187.868309
-55340.925962 32738.548816 0.568102 0.960314 157.823442
4843.374038 64210.222478 1.111805 -0.083863 169.361174
-55146.341766 -33446.136817 -0.577728 0.952563 112.823178
-49903.292976 41019.565767 0.706867 0.859955 174.490655
-41767.364662 -49419.364290 -0.849503 0.717968 125.340398
-58986.117242 26842.474717 0.460334 1.011581 105.661716
28725.975150 58203.290297 0.995858 -0.491501 182.043480
-31456.591873 56866.184717 0.971170 0.537221 117.010360
-44387.468580 47635.002064 0.811206 0.755901 135.568935
-28777.674750 58512.764554 0.994242 0.488987 124.256353
22934.340493 -61133.567196 -1.036690 -0.388916 183.582956
60533.960820 24793.694718 0.419282 -1.023680 125.101870
-60241.625606 25684.646502 0.433614 1.017014 148.915707
47759.219752 -44987.232725 -0.757362 -0.804029 107.622336
-61184.225916 -23905.518090 -0.401737 1.028214 146.692265
-10531.145962 64941.892919 1.088833 0.176568 110.557080
65357.580866 -8552.969350 -0.142995 -1.092697 153.782163
64045.517047 15901.096422 0.265393 -1.068933 171.494354
47894.947430 -45556.181628 -0.758434 -0.797370 104.552779
-53931.422620 -38404.257264 -0.637813 0.895686 141.510079
52625.724683 -40331.338668 -0.668377 -0.872122 173.801123
50400.934762 -43244.656388 -0.714917 -0.833224 154.554185
66430.442623 2933.355373 0.048401 -1.096126 160.744319
45871.864506 -48280.368000 -0.794809 -0.755159 104.352126
66540.957655 -4766.663790 -0.078269 -1.092614 192.372286
34586.907918 57165.911470 0.936501 -0.566608 148.328784
36481.748943 56078.473208 0.916913 -0.596496 175.901387
-29671.243168 60063.089992 0.980053 0.484148 173.880058
37136.879031 -55878.451890 -0.909707 -0.604592 177.755175
-52677.830904 -41733.651887 -0.677723 0.855449 165.697986
18441.341505 64722.189054 1.048882 -0.298859 125.576801
63298.346120 23195.694127 0.374935 -1.023153 115.215061
-53310.124957 41408.384110 0.668012 0.860015 103.973940
24914.054882 -62845.848325 -1.011570 -0.401018 104.676618
-23955.875891 -63321.779477 -1.017025 0.384760 191.813748
-28737.689022 -61393.204286 -0.984206 0.460699 190.725729
18427.689968 65360.996921 1.044974 -0.294617 107.074278
-64235.471466 22315.239598 0.356045 1.024893 122.902874
-7339.263756 -67697.874920 -1.077916 0.116859 155.221878
-62473.368762 27390.923694 0.434983 0.992112 139.600225
47770.669132 -48803.181516 -0.773700 -0.757331 100.294268
42976.061823 -53208.441288 -0.841605 -0.679758 120.886962
-65225.542369 20917.967329 0.330129 1.029396 126.480179
58695.899525 35505.297286 0.559106 -0.924291 165.989624
-41826.996256 -54495.224848 -0.856316 0.657252 147.037634
-25889.626091 -63736.339075 -0.999404 0.405957 116.316473
-68773.459553 4106.837931 0.064253 1.075991 184.383221
67668.019203 13506.716809 0.210828 -1.056237 105.020040
-40385.219842 56056.939014 0.873355 0.629193 149.721286
-31231.157504 61753.001278 0.959766 0.485395 123.039736
-65157.084679 -23605.829274 -0.366088 1.010479 166.485471
64239.014087 -26282.503567 -0.406663 -0.993954 153.859614
-44723.856571 53179.163959 0.821444 0.690837 139.716348
33770.779202 -60864.143495 -0.937726 -0.520302 184.799994
13642.458431 68341.122989 1.051017 -0.209807 193.462677
-69545.023783 -5894.623360 -0.090449 1.067121 158.076683
50640.117921 -48167.928742 -0.737593 -0.775449 126.970795
-69053.922315 11416.018100 0.174433 1.055119 176.046401
-50861.420380 -48249.197435 -0.735419 0.775234 179.183558
36121.683303 60208.761184 0.915612 -0.549313 114.137442
-17645.717467 -68052.467897 -1.032908 0.267829 146.606039
-68646.962808 15563.610288 0.235793 1.040019 102.166150
-70148.607800 7040.738958 0.106415 1.060240 196.032835
36427.661578 60472.233329 0.912136 -0.549459 132.180034
-27455.242525 65145.431104 0.980582 0.413262 115.284367
-49651.043120 -50488.687554 -0.758076 0.745499 137.159579
14634.576209 -69363.019820 -1.039749 -0.219372 188.531400
70873.623143 -4444.832437 -0.066455 -1.059638 176.474107
-24322.981984 -66817.243000 -0.997016 0.362936 123.890575
-49032.465283 -51641.108746 -0.768873 0.730034 186.002682
9453.706560 70665.282026 1.050262 -0.140506 102.410651
-47839.786796 52996.898127 0.786000 0.709515 173.408751
58328.097952 -41343.298373 -0.611894 -0.863275 119.883943
-15814.372996 69835.751846 1.031219 0.233520 168.316408
-57160.893086 -43298.352311 -0.637960 0.842212 184.695768
-71784.639473 -851.541785 -0.012525 1.055886 116.059659
-34563.679257 -63031.618488 -0.925270 0.507376 178.724554
-58510.907934 -41973.769576 -0.614575 0.856709 157.073672
-30631.333145 65254.613290 0.953916 0.447780 156.127055
29938.446380 65713.662385 0.958117 -0.436508 125.605987
-72173.050364 -4494.866050 -0.065399 1.050099 188.550206
45972.379721 -55937.560130 -0.812325 -0.667611 111.445182
34960.659036 63526.204648 0.920506 -0.506586 148.150529
23085.710216 -68833.191569 -0.995541 -0.333891 138.382596
-62257.468124 -37534.366274 -0.541795 0.898664 166.941376
-3383.002699 -72722.947647 -1.047463 0.048727 127.289546
15555.979695 -71216.030978 -1.023783 -0.223629 177.503791
-61470.436931 -39397.791232 -0.565010 0.881557 144.554904
-48001.517201 -55130.236390 -0.789223 0.687171 104.489286
-70749.703831 -18807.512355 -0.268647 1.010591 136.490495
-72074.380213 13366.921977 0.190556 1.027479 154.695973
48717.683309 54910.408701 0.781139 -0.693043 105.711758
73472.665383 -1654.668983 -0.023498 -1.043399 191.704001
-71034.909693 -19272.136867 -0.273065 1.006488 108.705535
67528.816096 -29504.260766 -0.417277 -0.955057 188.896396
-73582.220459 5679.449741 0.080148 1.038382 147.560950
34735.272282 -65221.414745 -0.918654 -0.489252 121.858776
-5118.113877 -73830.509433 -1.037526 0.071924 100.321272
17717.990618 71959.871991 1.009165 -0.248477 159.422547
68909.986007 -27487.607771 -0.384855 -0.964812 123.053176
-70120.536482 -24587.626995 -0.343444 0.979455 177.215841
-14929.560142 72894.962442 1.016121 0.208111 124.321192
-74408.901113 3795.195367 0.052799 1.035189 137.777980
64035.068208 38287.059605 0.531558 -0.889030 137.470150
-43421.318377 60789.900017 0.842338 0.601669 191.714107
55920.563226 -49661.967859 -0.686980 -0.773556 185.205622
25020.131693 70592.942440 0.974438 -0.345368 134.004353
71606.953813 -22289.420821 -0.307059 -0.986457 116.834854
1666.687921 -75095.160834 -1.032077 -0.022906 190.770797
65847.016272 -36301.408650 -0.498146 -0.903586 111.939237
-50413.358741 -55952.228802 -0.765922 0.690101 105.946163
-62043.394604 42830.185184 0.585395 0.847997 161.341778
63370.409327 41046.294260 0.559773 -0.864220 189.571266
50225.302513 -56522.883301 -0.769136 -0.683441 138.785155
-74432.379226 -13856.211110 -0.188184 1.010883 147.366040
-37214.229493 -66043.577155 -0.895257 0.504460 182.255298
74848.749764 12509.342144 0.169302 -1.013008 170.742474
-57655.301236 49503.940857 0.668601 0.778693 190.331360
-41671.560246 63663.506197 0.858193 0.561738 185.576858
-75032.051818 -13248.614446 -0.178229 1.009381 160.968254
-75985.195162 6863.340501 0.092145 1.020158 152.996043
-29640.940511 -70429.758786 -0.943375 0.397027 116.356198
-7502.096523 76141.110192 1.017940 0.100296 156.760476
14742.131454 75159.285371 1.003208 -0.196774 165.912878
64790.553347 41060.210008 0.546838 -0.862878 152.518941
29278.828332 -71000.283680 -0.943831 -0.389213 105.475059
54363.243727 -54377.826335 -0.721577 -0.721383 172.342184
60392.378548 47749.477011 0.632422 -0.799872 174.979091
2313.933243 77079.596818 1.018393 -0.030572 113.707053
-77185.998545 -1601.523269 -0.021123 1.018050 147.948617
33263.997003 -69764.033395 -0.918624 -0.438007 100.756960
940.910055 -77387.697573 -1.016938 -0.012364 149.347921
-68196.986858 -36838.025766 -0.482986 0.894136 118.042694
20884.455563 -74737.096266 -0.978183 -0.273343 144.619257
-77180.755746 8845.431500 0.115580 1.008495 166.547761
77700.019080 -3690.593233 -0.048129 -1.013290 175.542314
18837.435621 75597.706270 0.983565 -0.245085 156.808536
-38721.618046 67712.031958 0.879402 0.502892 144.350782
-28780.356379 72610.101018 0.941130 0.373034 155.003905
62326.007324 -47214.335612 -0.610974 -0.806526 179.538703
77975.518826 7016.178437 0.090618 -1.007101 129.894412
-21740.909827 75330.807168 0.970806 0.280180 112.017196
48904.181118 61419.212827 0.789931 -0.628971 187.248833
-46183.717320 -63593.263821 -0.816591 0.593038 145.160588
-32384.601172 -71743.626434 -0.919143 0.414895 124.537615
9741.337635 -78202.384724 -1.000123 -0.124581 172.745956
-69017.112958 -38221.347655 -0.488000 0.881193 172.040909
49908.279613 61247.758531 0.780314 -0.635846 193.164947
41690.624505 -67213.778543 -0.854918 -0.530279 126.449430
78797.615843 7848.085981 0.099645 -1.000476 157.471216
24363.464175 75460.904163 0.956137 -0.308700 147.198559
57200.326125 -55068.057082 -0.696381 -0.723346 148.627502
-6689.811238 -79214.243916 -0.999913 0.084445 178.114241
76901.543913 20588.073092 0.259325 -0.968644 192.419254
79467.674135 5910.024618 0.074334 -0.999509 157.455418
-6493.262310 -79544.374951 -0.998184 0.081482 125.741674
78382.857148 15499.325799 0.194163 -0.981917 102.753081
8968.290097 -79494.233762 -0.994011 -0.112141 160.831823
75291.303732 27354.413069 0.341354 -0.939555 174.956991
51877.989975 61153.113513 0.761880 -0.646326 158.835638
-79712.552692 -9760.167396 -0.121339 0.990988 160.416380
79668.928068 10761.374555 0.133574 -0.988882 180.456178
-63717.842483 49173.299466 0.609296 0.789514 168.302953
14457.907275 79306.508592 0.980336 -0.178719 141.999399
-21275.305609 77845.920170 0.960721 0.262565 146.164772
67895.691016 43820.078215 0.539716 -0.836247 147.346834
-62335.672976 -51580.939797 -0.634117 0.766332 121.087899
75118.760892 30295.040185 0.371828 -0.921973 124.196503
13116.188828 -80022.336354 -0.980478 -0.160707 101.023427
74296.528072 32783.061205 0.400804 -0.908345 106.572576
38111.428894 -71809.071823 -0.876506 -0.465190 120.382654
72234.016480 37504.471925 0.456988 -0.880164 172.348072
64240.159087 50171.391705 0.609978 -0.781024 174.486027
76038.244618 29590.949183 0.359217 -0.923061 114.045351
-69835.410814 -42415.161667 -0.513820 0.845991 136.186631
-56906.378350 58749.143428 0.710592 0.688303 165.447484
32252.832734 75279.193378 0.908756 -0.389350 174.573866
-64256.252700 -50950.133960 -0.613854 0.774168 135.606684
14125.451417 -80880.870141 -0.972679 -0.169874 141.710886
-80007.170771 -18890.509690 -0.226756 0.960382 119.335902
66636.482221 -48322.210182 -0.578924 -0.798338 125.952947
74877.964101 34407.159479 0.411527 -0.895578 108.760582
72076.866130 -40133.720436 -0.479213 -0.860628 116.386308
30156.491637 76899.815889 0.916479 -0.359400 126.944366
73172.935023 -38562.199969 -0.458654 -0.870310 132.854011
56932.639188 60123.473136 0.713940 -0.676051 191.570661
-79436.328471 -23692.464250 -0.280868 0.941696 128.835989
23019.183335 79749.247046 0.943515 -0.272341 147.403077
58434.410787 -59067.331688 -0.697786 -0.690309 108.103750
-64364.475286 -52709.932569 -0.621496 0.758914 185.894997
-79541.647252 -24742.569876 -0.291171 0.936046 139.612456
20534.897997 80836.223206 0.949525 -0.241209 129.672508
-61836.251015 -56124.565323 -0.658013 0.724978 136.531332
42512.266041 71968.349734 0.842586 -0.497722 128.491879
74682.248273 37784.587114 0.441501 -0.872639 147.553549
-54157.690513 -63940.466813 -0.745821 0.631712 139.881113
79401.086059 -27113.219118 -0.315643 -0.924360 152.821407
-63521.044108 -54944.298054 -0.638681 0.738378 107.462328
-27855.324147 -79341.641568 -0.920595 0.323203 128.000381
82912.377244 -14583.149829 -0.168918 -0.960384 115.458991
-84184.519920 -4352.880605 -0.050320 0.973179 176.410735
57113.372068 62148.336519 0.717049 -0.658957 131.238268
73644.657808 -41406.410506 -0.477048 -0.848469 152.289661
83558.999759 -13201.268052 -0.151801 -0.960841 114.050941
-54209.917322 65092.323695 0.746980 0.622097 130.567459
-44880.995932 -71939.662242 -0.824361 0.514294 138.025847
-346.422015 84906.759584 0.970961 0.003962 101.873587
-33203.511383 78257.119635 0.893305 0.379018 196.684546
-82152.845731 22156.163200 0.252563 0.936479 158.065408
-82687.386956 20508.521731 0.233351 0.940836 127.727059
54553.796410 -65555.534666 -0.744687 -0.619711 125.005400
-80033.022366 -29783.011269 -0.337674 0.907400 175.853379
-63041.516570 -57774.139330 -0.653704 0.713303 189.031578
83458.776597 -19093.205730 -0.215642 -0.942597 180.926305
19295.702531 -83493.450870 -0.941682 -0.217627 178.481926
85717.630677 3882.609151 0.043705 -0.964886 114.552454
3076.340082 -85850.979430 -0.964690 -0.034568 180.708547
-75551.011550 -41096.463578 -0.460996 0.847486 105.786196
-35309.701646 -78518.433128 -0.879432 0.395480 137.188477
80286.855292 -31378.379936 -0.350786 -0.897544 183.019141
83973.013258 -19941.412119 -0.222513 -0.936999 129.173183
-25567.647870 82531.461221 0.919431 0.284833 115.263061
48454.819454 71651.923486 0.796891 -0.538900 170.961283
49409.500726 71111.795452 0.789592 -0.548620 132.799180
-83521.339820 23207.352209 0.257267 0.925882 129.268631
54922.837660 67201.058124 0.743619 -0.607753 107.923186
48059.525958 -72417.943318 -0.799629 -0.530667 108.643956
-86699.425438 -7054.151460 -0.077795 0.956140 184.252350
7080.040818 -86808.841207 -0.955514 -0.077931 142.210696
-22012.470682 84367.612612 0.927127 0.241898 110.519374
79404.000474 36282.558586 0.397969 -0.870952 104.637374
-69412.559033 -53118.608492 -0.581592 0.759993 100.975432
85886.265172 16709.455077 0.182664 -0.938892 130.771816
-8823.888051 87160.935690 0.951035 0.096280 146.316186
-19912.935423 85394.228699 0.930502 0.216982 161.659484
-83876.906265 25910.003133 0.281836 0.912370 107.369169
-78399.315516 39726.997613 0.431374 0.851295 121.471088
-84678.270847 23896.320589 0.259056 0.917982 105.838828
55638.777663 -68305.257896 -0.739065 -0.602013 157.156935
73827.834856 48258.874289 0.521247 -0.797418 133.490818
-65657.242320 -59046.512432 -0.636666 0.707946 162.567535
-24161.424848 85037.120860 0.915349 0.260076 169.392488
-37283.250215 -80276.835683 -0.862510 0.400578 129.819055
-70302.032738 53915.617062 0.578457 0.754266 132.878815
-72896.650382 50560.447682 0.541373 0.780537 159.498071
-88621.629495 5413.391056 0.057893 0.947754 188.158752
-45974.463212 -76081.267414 -0.812181 0.490786 133.413309
-38249.971167 -80355.775450 -0.856342 0.407625 175.970291
65912.082055 59971.435827 0.637849 -0.701033 121.615893
-47634.925831 -75406.646188 -0.800936 0.505957 107.538593
-13.506635 89310.968720 0.946730 0.000143 116.757531
52075.183352 -72669.490743 -0.769151 -0.551176 178.445889
3353.725816 -89447.883608 -0.945009 -0.035432 107.866730
62789.094249 63906.217907 0.674261 -0.662474 175.981335
67985.762182 58528.125485 0.616301 -0.715890 115.588885
41523.021420 79628.874536 0.837142 -0.436533 155.958011
-85244.398705 28602.184326 0.300144 0.894534 105.011899
17871.934028 -88215.540860 -0.924281 -0.187254 171.394504
-34780.086226 -83131.904322 -0.869474 0.363764 139.358178
80813.856990 -40033.951115 -0.418211 -0.844214 151.113617
23838.107332 -87087.866351 -0.908168 -0.248588 117.180193
-54191.419954 72337.688541 0.753180 0.564241 142.195282
22406.997108 87669.217872 0.911263 -0.232906 127.134315
-72165.184761 54794.061310 0.568390 0.748585 102.769109
39501.598570 81662.765414 0.845639 -0.409049 115.415850
49177.228766 -76331.756561 -0.789302 -0.508513 126.734022
47911.485512 -77251.991094 -0.797480 -0.494595 144.092796
-75117.473530 -51355.374888 -0.529348 0.774277 188.963258
-82778.199371 -38054.425608 -0.391526 0.851670 167.184236
-67615.083675 -61189.266195 -0.628667 0.694687 135.912667
45504.170494 -79148.504201 -0.811778 -0.466709 128.639366
45831.242891 -79089.796213 -0.809677 -0.469195 107.931870
78083.975850 -47674.763172 -0.487442 -0.798356 143.182667
1074.362830 -91582.180434 -0.934820 -0.010967 164.210811
-1852.706230 -91674.387369 -0.934161 0.018879 103.895119
-29192.072859 87036.025800 0.885331 0.296942 121.733662
76282.959282 -51275.322867 -0.520609 -0.774517 105.885190
14556.209993 90852.346812 0.920990 -0.147559 189.763013
84866.080028 -35782.388411 -0.362201 -0.859043 149.337422
49328.936227 77908.304954 0.787193 -0.498424 106.224311
-86825.951972 -31285.817597 -0.315711 0.876178 167.962271
-64158.506733 66484.149606 0.669790 0.646360 151.308835
-89671.015240 22725.544498 0.228528 0.901730 134.709891
-82102.142223 -42814.744076 -0.429922 0.824424 126.032168
52866.546962 -76142.878520 -0.763333 -0.529988 101.257002
-69376.324872 61638.418826 0.616862 0.694301 175.973278
-60510.570531 70496.372998 0.704351 0.604580 106.139005
11027.670332 92345.427171 0.921210 -0.110009 196.766083
12117.568678 -92294.270912 -0.919442 -0.120716 119.249017
-44933.787549 -81639.438604 -0.811965 0.446900 112.945983
57335.493358 -73614.784564 -0.730737 -0.569141 128.970600
67882.426752 64143.701740 0.635849 -0.672911 184.503061
38089.206433 -85394.886821 -0.845011 -0.376905 121.738647
52203.602780 77704.769331 0.767587 -0.515680 167.811674
-91662.626597 -19493.930516 -0.192256 0.904011 125.491250
64819.744216 67807.458047 0.667751 -0.638328 110.193225
18831.581997 -91999.669014 -0.904516 -0.185147 148.651621
-47278.378084 81252.271258 0.797589 0.464094 184.959235
-68090.163169 64967.718564 0.636661 0.667260 108.079323
-93811.704222 8387.555889 0.082098 0.918241 185.196123
-13384.084800 93339.913154 0.912044 0.130779 152.222301
-84802.847455 -41448.056936 -0.404384 0.827371 137.797223
18015.284339 92763.324515 0.903507 -0.175467 149.852759
66131.735754 67625.888674 0.657727 -0.643195 131.571576
90656.041133 27359.187368 0.265641 -0.880214 147.164484
-14319.790256 -93709.739061 -0.908380 0.138810 100.526604
-92873.066729 19567.956827 0.189340 0.898640 113.391596
42753.803008 84844.320957 0.819717 -0.413062 191.644651
84231.875544 44169.108935 0.426047 -0.812485 125.048781
74333.892151 59485.946743 0.572927 -0.715932 162.941408
-85579.450003 41911.601671 0.403119 0.823130 111.546843
-79660.360333 -52496.507550 -0.504044 0.764857 138.827358
94333.318475 -14801.978595 -0.141931 -0.904531 196.091787
93092.949311 21736.941927 0.208070 -0.891105 118.050022
-57256.946756 76695.968672 0.732836 0.547095 130.734231
11709.703374 -95093.085540 -0.907198 -0.111712 135.401415
-44220.546726 -85079.634599 -0.810729 0.421380 108.024854
-86247.180246 42188.750027 0.401219 0.820218 154.743552
-7375.374815 95806.896336 0.910030 0.070056 172.323592
91195.171091 -30653.863571 -0.290629 -0.864620 180.013992
52864.702956 80507.520548 0.762061 -0.500402 190.760734
-3672.543809 -96324.370186 -0.910620 0.034719 133.534419
46020.634137 -84811.766305 -0.800552 -0.434396 192.838108
11878.878498 95865.434267 0.903409 -0.111943 190.410448
77139.092284 58326.346209 0.548720 -0.725706 194.063112
96059.394528 -11857.263335 -0.111411 -0.902575 129.287351
96775.218678 -4732.147907 -0.044393 -0.907859 106.276388
85149.589810 -46475.345531 -0.435206 -0.797360 173.681846
78694.244719 56880.798253 0.531891 -0.735867 116.462958
81176.014362 -53450.241457 -0.499087 -0.757973 142.699048
47381.928732 -84972.558521 -0.792234 -0.441761 137.586240
60576.760374 76271.008057 0.709901 -0.563825 153.346834
-84175.179926 49197.771662 0.457225 0.782291 127.778053
66303.857675 -71614.441188 -0.664563 -0.615282 110.732658
-67044.129662 -71056.987367 -0.658396 0.621214 133.782224
-3559.303796 -97737.451199 -0.904100 0.032925 144.091235
90800.189587 -36613.422625 -0.338156 -0.838617 142.186295
-40913.045735 -89047.083884 -0.821267 0.377334 141.459000
59007.257868 78370.799541 0.721642 -0.543341 133.554001
-83854.732594 51130.898470 0.470005 0.770808 143.520078
-84267.400905 -50605.943921 -0.464602 0.773641 134.298639
81402.532096 55302.829361 0.506826 -0.746018 117.436528
-96531.644016 -19540.746818 -0.178869 0.883614 131.761103
68724.639340 -70692.756597 -0.646079 -0.628092 173.364151
55537.205694 81595.893116 0.744478 -0.506719 160.295693
-12849.808755 -97946.872866 -0.892534 0.117093 123.289961
-66251.400650 73428.399004 0.667968 0.602680 197.748370
-5679.701415 -98848.224140 -0.897678 0.051580 191.695774
-18539.693920 97341.519893 0.882924 0.168162 159.875725
2607.226763 99170.119691 0.897973 -0.023608 174.611815
-84728.117988 -51812.651731 -0.468376 0.765924 115.918037
-96656.977156 23146.973030 0.209006 0.872767 174.555125
-74440.996219 -66020.267291 -0.595148 0.671058 184.057497
70696.172397 -70146.325785 -0.631467 -0.636416 137.263264
-98374.916816 16259.358816 0.146109 0.884011 124.582871
-99457.460080 -8097.113219 -0.072678 0.892705 140.079432
98512.324780 -16507.690160 -0.147948 -0.882903 113.040298
58332.948901 -81240.002054 -0.726711 -0.521802 149.741856
92950.780095 37154.084178 0.331914 -0.830370 123.865952
-27102.826057 -96458.355132 -0.860514 0.241787 151.875546
