-39555.193812 -100984.392191 -20.151297 -50.886893 9911.084936
1658.953187 -149911.311944 0.583711 -75.132349 3603.191958
53844.441325 -12388.870502 26.038645 -7.331438 109.899849
-70065.276037 -52626.729937 -34.193597 -26.267484 9096.245657
141902.968575 -24719.197995 71.455384 -11.961757 718.575095
-57414.645374 -76292.790972 -29.249659 -38.061828 3171.011863
-193314.289563 250331.096632 -96.451625 124.739821 2721.578088
125188.476644 -70862.877339 63.046779 -35.921642 5339.796060
8808.714181 20488.464400 3.628655 10.735774 5089.061634
-312040.971852 236106.769129 -156.356090 118.513755 7479.466226
8291.644272 21822.636460 -2.387676 -1.650590 5681.933358
292834.993699 270294.522535 147.459348 136.154702 9041.140371
28238.394024 -51151.927922 14.322166 -25.181416 3763.162429
72150.496153 46246.798878 38.431462 23.297453 3266.130492
-84325.469682 -193748.493736 -42.114075 -97.654256 1435.654484
69966.868339 -37837.624311 35.050101 -18.810290 3670.161637
35366.973308 110542.592572 17.825386 55.714465 3812.953593
-92041.796627 21735.768984 -46.994556 10.659934 309.244969
-181670.389460 -587155.434709 -91.690811 -296.538069 604.755978
-7888.828777 -55377.887808 -4.682478 -27.521804 4748.849104
-24551.444050 -49934.934964 -12.137530 -24.566263 1824.208715
36445.916204 -97445.007098 18.595425 -48.643146 8018.897325
4690619.882624 13270813.875899 2352.265896 6654.995927 6410.010561
-3420951.422046 -5391571.076201 -1720.036517 -2710.724779 4977.569525
29543.178791 239985.507997 14.965642 120.274884 2828.148732
-122722.820582 19341.798623 -61.722109 9.954306 8384.631930
-62949.520531 -77600.739920 -31.649572 -39.382842 4579.239459
-28003.210643 -107389.068753 -13.295391 -53.877730 1092.495646
9667.351773 -36572.047137 5.258881 -18.774903 1042.739503
24159.796890 -29307.384762 12.234413 -13.138789 1816.874771
-6539.576572 -61904.331259 -2.977107 -31.768496 2995.681284
113208.127776 -35604.897340 56.632083 -18.020400 8065.451946
-628701.729361 184820.165308 -315.491767 92.711952 2605.055892
16928.340466 43428.203340 14.894467 40.676662 3549.784345
-3238.608854 -46175.227225 -1.880885 -22.715880 9752.381504
206491.857973 138214.084865 103.513676 68.934362 136.162018
-1208423.784263 -312168.957980 -608.435033 -156.926511 6022.341349
-54599.507180 -32215.915948 -27.692504 -16.199256 4899.077094
-673361.176198 1294969.474593 -336.673983 647.632604 1877.524122
119983.184500 -81605.869673 60.252340 -41.494528 3934.859992
-38635.846087 -63629.951177 -20.846927 -32.282054 9966.301015
291203.595834 -131786.054576 146.279291 -66.031106 9622.076726
25214.547522 -26465.492635 11.738341 -13.259014 422.281720
-119754.283694 158239.832493 -60.609245 79.902922 8488.679943
26484.905720 71414.212019 12.566277 34.798816 3027.173679
552.725049 -29225.548502 -0.453919 -14.969445 8578.601146
-29998.147936 92997.600588 -14.615733 46.697665 8495.383915
-109321.220812 44720.476109 -54.718599 22.510006 4876.334742
-209881.307510 158148.880762 -107.992658 81.468477 8800.161269
-14509.340105 -34354.019167 -6.013677 -17.106788 7022.230237
190617.770269 106140.151289 95.072328 53.487382 5431.977928
-25489.922807 -44604.156749 -11.904225 -23.125322 1955.390296
-63723.952343 -48912.442806 -30.835526 -25.439054 9151.295912
-6776246.396694 -19076111.717757 -3397.847589 -9565.506837 4466.499268
-82554.756005 179139.501213 -41.237896 89.988146 7320.262987
-80769.586695 -76986.607664 -40.844698 -38.409980 7672.526958
-232116.492433 130160.122892 -117.869643 66.619837 9095.337242
54086.941830 7798.624259 27.074362 4.692572 1646.522009
19883.591510 30158.929793 10.207817 15.706392 8417.917948
-2090.256382 196308.637221 -1.240157 98.301903 1891.947787
-215970.354163 -99616.162080 -110.336131 -51.210501 3201.550035
73681.302873 -29279.265410 36.315072 -15.037625 7346.901907
23651.767959 60914.687387 11.390898 30.308054 1369.865830
-149674.076075 -9291.624136 -75.181473 -4.614772 929.130323
34178.639926 -13350.081876 16.863325 -4.237560 5650.323945
-6965.091786 6330.244290 -2.671090 3.297854 4611.336937
12449.050109 82979.414808 5.381406 41.245166 4987.378414
2413606.791704 3732953.399287 1213.661057 1877.222061 7133.719142
13272.011881 83283.338511 7.952333 41.134026 3380.798969
-221491.316690 -115713.103681 -110.843198 -57.562089 8776.098268
55490.110403 -15876.967048 27.791908 -8.038939 5250.518333
-37567.371058 197191.392400 -19.396410 103.445832 9482.341336
-14914.511518 -4347.170786 -7.232776 -3.127390 5509.533634
-39069.379841 -103556.017705 -20.699069 -52.189210 4037.234908
-185286.680101 -106237.681245 -92.882189 -53.704478 9242.422877
-18871.834989 5033.781462 -10.221504 2.751381 454.632161
614.103500 -68847.682990 0.069658 -33.890499 3365.482513
33977.958746 647926.010845 16.857679 325.012172 9569.917832
-140819.720166 -131529.928564 -70.912074 -66.238097 4040.243254
-66089.930624 246003.356157 -32.864729 123.394053 4214.242521
-5514.898134 26957.131921 -3.099524 12.293230 9408.411943
239994.789811 -100590.804357 119.986153 -50.325653 5862.390558
-98615.104388 36309.846037 -49.763964 17.996424 6062.238514
-4254.275548 -30895.605454 -0.772924 -16.292696 6385.460320
201670.592412 -264307.926724 101.346102 -132.765573 4168.009067
-9115.199670 30033.482895 -3.633002 15.284966 8479.758816
32424.572697 8913.107393 15.359650 5.602654 3845.378071
450308.335800 447021.263985 226.607668 224.517965 246.673261
146919.231974 -168462.406089 74.169347 -85.333600 8841.501324
122225.584712 28496.585227 60.975724 14.164751 7802.661381
89400.966923 32841.019271 45.945296 17.234788 9899.402759
99898.674835 -68568.738368 50.632046 -36.893175 3671.569199
50058.971396 -42295.895256 24.771541 -20.888578 6460.821206
30505.077472 64559.385442 14.686170 32.965724 610.122339
-452057.591620 214288.340694 -228.444652 108.174051 2539.542675
-91997.758709 21196.953400 -45.904009 10.639222 2955.704023
-430171.800453 895569.999810 -216.385711 450.757030 1056.267473
-194726.072058 -131300.186939 -98.569357 -66.362580 6880.273303
-662548.213625 352838.436686 -333.186129 177.658325 1885.230995
210889.816806 145261.708694 105.957984 73.348259 1321.802801
-1452.828798 -139199.803936 -0.574870 -69.596200 8493.843915
79455.034000 45952.006961 39.511347 22.828851 3793.867636
-19333.246495 -407276.217951 -10.089180 -204.160184 2015.164388
61106.404831 35794.774713 29.930478 18.392199 7878.911430
153935.357973 260044.427585 77.584229 130.494308 670.285907
-509239.262369 -346139.319013 -261.788285 -178.313104 7563.059798
-192561.048213 -105540.971904 -97.956620 -52.671256 9810.310273
525962.020863 -531680.913069 270.723783 -274.274588 2442.495792
119537.629642 578427.079726 60.282764 292.280332 3980.717293
30748.081935 -129812.731764 15.014944 -65.269916 7301.229067
-44412.911752 -20796.273851 -22.331005 -10.739767 533.926768
191169.390149 -25031.547011 95.963197 -12.976915 1709.841356
-64507.982808 -2373.823962 -31.831696 -1.814631 2224.063166
282634.117916 -108833.875399 145.839511 -56.072018 6580.683818
171208.314546 115941.864824 85.737744 58.298837 5716.191196
-63016.822173 -57806.426834 -32.393580 -29.253420 7780.373142
319509.469183 -102731.488193 160.621563 -51.432904 3958.586229
110724.800339 202287.640316 55.732752 101.043383 8719.144146
-92594.749863 -117954.999146 -47.206542 -61.616872 7811.979226
-54810.632940 -271235.723236 -27.916825 -136.738282 9900.845672
1708.081089 -112997.757050 0.319640 -56.976812 9054.600315
-232909.102228 38176.585267 -117.537012 19.371221 118.387517
88032.737337 -155415.222883 44.704782 -78.288034 8259.516184
25532.081560 67369.859343 12.248635 33.642735 6486.921050
396456.943224 193971.780402 198.068909 96.861489 8170.647773
54478.491996 23271.542196 27.057539 11.171889 5015.095402
-8965.558073 -77895.802775 -4.364420 -38.396242 1105.940266
201684.867336 -107545.823468 101.626475 -54.286984 7012.099572
158712.951998 -84529.449294 82.913557 -42.884174 5870.235963
-127003.325644 -31200.686074 -63.919292 -16.309516 2476.039995
58336.790422 -15802.494915 30.018900 -9.884357 3027.203981
-69108.383919 -63079.379195 -34.118828 -31.307647 5558.581221
-17626.083345 21621.191913 -6.978617 10.645853 6427.374842
-123382.785074 -167999.014855 -62.265476 -84.575141 4990.846953
17390.445239 -46732.258663 8.357083 -20.734390 8559.131590
-444.243598 43366.686214 -0.357273 21.069954 3155.739502
1214.519730 53532.099906 0.006041 26.432479 3939.691800
164438.889940 -486142.297675 83.052650 -245.343250 1202.880698
51547.955816 51787.037220 26.949419 27.583803 5109.732217
-58825.725567 -192590.162644 -29.645728 -96.649066 543.016535
-3989.020798 -15803.167084 -2.983865 -8.082810 5301.481814
34748.935237 -13616.240031 17.622579 -7.674921 9349.073551
64630.747031 -21535.822613 32.881282 -10.163670 6828.715807
-81626.107447 42942.214485 -44.527832 24.332694 7640.262398
-77501.047330 -56571.351861 -37.668921 -28.381293 2921.122463
-321378.381754 -120760.031556 -161.014017 -60.555831 9996.184688
279641.570496 -63988.811088 139.664511 -31.984320 5423.531359
-51452.823072 -26768.223973 -26.196898 -13.822202 1790.449296
-338772.661762 1565428.054469 -170.194970 784.767071 501.435389
-13758.438415 391158.584638 -7.083971 196.254920 9279.337319
-62544.809093 -2889.547827 -32.255220 -1.826054 1249.277485
7491.214088 179462.145467 4.021347 89.962740 2906.008743
-155439.087746 90158.605238 -77.275971 45.245632 5818.419831
51055.868025 -15244.850364 25.673749 -7.459653 5697.126145
-10387.372720 -5820.599149 -4.995131 -2.875673 2955.954321
-778821.374162 -192345.405480 -413.842254 -102.463085 6484.893127
5536.205038 -27017.859573 2.044061 -12.180968 820.710460
495380.809332 -218514.314919 252.207886 -110.750778 4564.193493
-97789.762873 3801.166637 -49.350915 2.382859 9224.303554
123798.673826 -14123.094480 62.079884 -6.793994 7638.646927
5637.112775 52715.723750 2.686656 27.139782 4384.579133
-54588.530904 69162.468108 -27.490771 34.046186 2544.315198
-34100.757513 50543.961588 -17.669454 25.363668 3973.686331
56508.876399 15632.383445 27.466590 8.185097 8782.807029
-86642.050243 9039.948165 -43.307490 4.737903 5268.758163
-2524.386381 -21330.055971 -1.455769 -9.542519 3945.884536
22639.025843 88473.893021 11.188165 44.052397 6245.695002
-207549.663378 238040.762995 -103.892973 118.853532 1681.456174
-362.282418 -7264.218946 -0.576979 -3.919671 8896.126515
45249.201921 7635.314637 22.641565 3.825890 7280.555497
71159.953903 9125.359400 41.060666 7.800517 4213.871822
-336009.776960 147138.552757 -168.556071 73.921579 4133.161208
-255046.272073 129332.372318 -128.051631 64.761896 866.654471
-47086.067439 -2173.220498 -23.730349 -0.738151 2094.905953
-40566.628509 119707.851823 -20.068380 59.940719 5123.474582
-15611.472522 7310.370224 -7.937569 8.732528 1263.489457
158238.939670 -1658864.168171 79.555098 -831.185450 385.758330
42635.075193 -45510.973606 20.958980 -22.623750 2893.574220
129505.876190 -938440.770127 67.402479 -486.647436 3152.720525
-25508.393074 18380.524304 -12.039162 9.535575 2181.474752
9517.904237 9288.826336 5.061048 5.298028 4013.464769
-23664.001260 -45174.435637 -13.822606 -23.411112 8757.160339
-4143.173873 -26754.331536 -2.365037 -13.503568 6607.633875
360481.629064 139388.551255 180.644059 70.232322 6418.690984
-49232.475013 12426.892573 -24.143629 5.754614 6248.884172
-87216.071954 91282.787761 -43.747509 46.186399 7464.731645
-10959.704416 462118.009686 -5.327261 232.344995 8341.716512
77253.444080 49968.994955 39.083517 24.663699 2894.341305
-185785.420251 52794.727307 -93.907527 26.489408 7613.696261
109527.080543 -309408.645990 55.471826 -157.251393 2780.613397
-49564.067762 161870.200452 -24.668343 81.182311 7439.028698
-40564.392737 52830.723054 -19.531110 26.388572 9255.332944
-2974.577444 18654.300647 -1.802705 8.751898 6776.723221
-190211.424562 240345.984867 -97.941007 123.095090 8303.697083
16710.789140 -15023.128381 9.638941 -8.595070 3432.524206
19203.215126 -41477.281594 8.954536 -21.147672 8955.357280
65755.815470 204171.668557 32.957018 102.212674 2111.517823
-15940.676782 22226.381705 -7.858563 11.452088 4225.707043
156035.420030 -34018.814563 78.022498 -16.769959 4855.615150
10491.988661 -99244.010690 5.037623 -50.004432 8792.891585
-64200.732196 -10764.106378 -32.545619 -5.632664 9261.585154
-40968.291915 -73303.673222 -20.660135 -35.878207 8356.453670
59311.820728 58631.345251 29.050168 29.009313 3291.740800
154528.761910 66426.632173 77.438718 33.136185 1900.169492
-101145.836270 128538.302387 -50.446843 64.856439 6785.613429
-70271.098201 39911.004506 -26.096368 19.489375 2927.366679
103165.832281 92847.530852 51.823800 46.652133 8460.220110
4918.752693 -104776.634824 2.730357 -53.066493 7798.450707
44606.990815 -89621.909112 21.768934 -44.972843 6705.653053
-30580.323910 -277586.871710 -15.969005 -140.204228 3452.798071
33401.819908 315426.037364 16.869545 158.804756 6867.164671
37318.571487 25422.164067 20.155879 14.694013 3798.041023
384887.028992 400435.862183 197.840668 205.438103 9802.483469
-163744.946385 89035.705154 -82.373638 45.235255 4019.557693
-211843.395362 129671.599269 -106.363041 65.163180 4100.100871
-124563.113236 -277881.498803 -63.297074 -140.881183 1102.325169
-66774.598665 -1709832.234586 -33.643019 -856.910231 3913.402045
5353.761594 134463.925103 2.698910 67.482413 3133.874876
-188724.874336 -15911.896067 -94.147866 -8.055116 2369.323217
19369.119709 -20748.545043 9.469774 -10.368587 2418.403951
1366480.850010 398092.799932 724.469251 210.841316 3719.159127
27298.393123 -70050.144621 13.378249 -34.523998 2934.405630
-10577.014170 -39208.805755 -4.966253 -20.349115 8738.231598
-63617.091516 -48087.258101 -33.033812 -23.975141 9643.331554
-8505.154599 28774.953991 -4.236207 14.234178 9095.318051
-50968.575213 -12043.367567 -25.480297 -5.391412 6452.547509
14744.809461 36665.794047 5.618428 18.103756 9843.093389
32418.220966 45088.259803 17.272914 23.796415 3099.359972
17593.870078 -46628.621114 10.109942 -27.736409 3985.676025
831202.716377 265760.779981 418.326923 134.012966 8237.746902
101763.664677 13200.363141 50.837519 7.077544 852.783905
-206777.964736 581401.163940 -104.139144 292.418610 2910.535016
137914.615067 -123587.608715 70.031370 -62.634138 3762.810558
-151118.006669 8745.904771 -76.104749 4.236945 4403.057865
140269.419162 -436866.492424 70.867673 -219.979935 8198.199593
-3989.227891 -60792.806353 -1.362734 -29.949587 9236.381821
60196.506953 33724.059522 30.170582 16.811898 5075.462415
-31137.615753 -70923.617839 -15.721446 -35.143734 3223.744422
-27730.075512 95265.641204 -13.900352 48.183288 2961.489591
54396.281629 -265227.200176 27.936249 -134.725647 5149.257485
64073.697354 39856.887985 31.518243 19.215244 287.395146
66741.611569 60087.668497 33.651186 29.663478 1172.323704
-171072.919777 315548.646368 -86.043611 158.497930 927.030949
39524.892510 27780.977349 19.017832 13.618949 9935.707246
232130.719691 -621282.279449 117.033243 -313.312880 4421.868561
93545.103323 7252.366764 47.061283 4.735124 9159.906714
169866.477539 -70017.121934 85.774896 -34.751131 7160.769688
-49251.471295 -685464.617184 -24.916727 -344.339325 4672.555975
-79477.684060 11837.862949 -41.650602 6.184872 9312.666426
47394.773110 117623.020114 23.253348 58.903266 9969.023515
106130.622942 19204.043275 55.220466 9.462472 6944.836777
127360.804823 -77933.126492 79.785642 -53.388941 7117.809728
30270.769094 23516.200295 15.049501 12.163824 259.059360
-38902.876844 -12337.231725 -19.149598 -6.448653 2419.577669
-98681.876051 -22294.581130 -49.070358 -10.803425 7826.608241
-33425.118100 -234031.107478 -16.406137 -117.592326 6552.312028
-4537.888980 106876.649377 -1.868343 52.805484 5013.993504
36640.671541 25225.192657 19.807846 11.153714 9324.161974
-77234.072481 40326.268635 -38.300337 18.775637 9875.389431
28598.003828 31890.255300 14.703002 17.286091 9992.566590
-441213.942489 762982.886760 -223.945443 386.836102 1519.985552
91006.475698 140696.451926 45.433179 70.191962 8889.393786
473995.841859 -493798.642966 238.820686 -248.706599 1781.260344
541230.531905 -1029320.190569 270.798124 -514.850961 2368.540104
240457.796522 -196291.293930 122.773644 -100.635014 3551.467791
-68533.248646 271079.833286 -34.792291 136.306964 7295.566607
-48734.528789 13019.499473 -25.645509 6.249436 2679.757394
33750.347648 -33397.976228 17.405044 -17.082130 7522.804335
-122800.360068 90164.382524 -61.781110 45.762718 280.798915
-44123.262512 32510.058629 -22.770947 16.735585 4758.183430
-89709.344544 -40224.724921 -44.529552 -20.434175 7699.173397
-5367.196190 -15945.743605 -1.172891 -6.717432 1287.841716
33387.418069 9185.061219 17.326590 5.067742 3250.679022
30884.121788 20813.708200 14.927935 9.838941 2103.965128
-1378.016239 15350.640811 -0.942892 8.451083 8569.304857
-79067.740901 11709.098780 -36.607665 9.008668 3592.870953
157354.386737 125799.894864 79.931260 63.500907 3610.566945
312287.689156 194844.030470 158.780263 99.382924 6678.330634
-91047.343408 -6136.770419 -45.751388 -3.617808 2939.126908
-192634.367135 211238.697346 -96.566880 105.742365 1961.228921
-43955.745207 -193520.775844 -22.267778 -96.873373 114.770899
539662.556757 210290.397256 271.777060 106.020741 907.783916
-35245.962613 -52490.011559 -17.098362 -26.673308 5316.480062
-364659.254819 -425006.065643 -183.660885 -213.986752 6234.051983
49532.870190 -99552.949907 24.690627 -49.974021 6919.404891
-41895.828977 -7511.119284 -21.033136 -3.146957 2288.136551
-35632.929545 48791.200276 -18.039405 24.380353 7201.824201
36386.955399 -14791.789449 16.316099 -7.208708 4086.067271
-3538.943271 21654.051848 -0.693451 10.127347 9250.507779
-18707.296791 -69949.579122 -10.448893 -35.143041 8868.967946
296844.819253 155092.000428 149.243254 78.186005 3652.687319
-22497.196039 -60.584084 -10.777807 -0.449393 6036.387788
44747.602028 -252403.197061 23.032109 -128.061110 1661.530768
120339.710668 -156631.499235 60.761604 -78.833735 6448.484914
-139768.839312 163036.015288 -84.503689 94.654353 8252.968484
-65631.454995 -15769.490588 -32.613224 -8.175850 1625.735207
-31130.146277 62463.952625 -15.483954 31.270263 966.850301
-155371.093754 -49576.615034 -77.880729 -24.642672 9574.590040
-2442.680374 19774.857555 -2.846124 11.047378 8052.658891
23314.877763 62861.656485 12.018604 31.769130 6938.709158
